0.22022 14.405 0.8014 
1.6154 14.54 0.80561 
1.6152 14.515 0.82941 
0.21082 14.358 0.8446 
1.6439 14.543 0.8057 
1.6439 14.518 0.8291 
0.22987 14.518 0.7836 
1.6156 14.602 0.79585 
1.6439 14.604 0.7961 
1.6439 14.97 0.8741 
1.6156 14.961 0.87229 
1.6155 14.973 0.87476 
0.22377 15.141 0.9073 
-0.21082 14.358 0.8446 
-1.6152 14.515 0.82941 
-1.6154 14.54 0.80561 
-0.22022 14.405 0.8014 
-1.6439 14.518 0.8291 
-1.6439 14.543 0.8057 
-1.6156 14.602 0.79585 
-0.22987 14.518 0.7836 
-1.6439 14.604 0.7961 
-0.22377 15.141 0.9073 
-1.6156 14.961 0.87229 
-1.6155 14.973 0.87476 
-1.6439 14.97 0.8741 
0.21387 2.036 -1.3589 
0 2.079 -1.4 
0.21387 2.48 -1.4 
-0.21387 2.036 -1.3589 
-0.21387 2.48 -1.4 
0 2.851 -1.4 
0.21387 2.851 -1.4 
-0.21387 2.851 -1.4 
0.2286 0.692 -1.1257 
0 0.787 -1.1257 
0 0.799 -1.1257 
0.23698 0.7 -1.1257 
0.32334 0.463 -1.1257 
0.33528 0.463 -1.1257 
0.2286 0.235 -1.1257 
0.23698 0.226 -1.1257 
0.10668 0.184 -1.1257 
0.11849 0.177 -1.1257 
0 0.184 -1.126 
0 0.128 -1.1257 
-0.10668 0.184 -1.1257 
-0.11849 0.177 -1.1257 
-0.2286 0.235 -1.1257 
-0.23698 0.226 -1.1257 
-0.32334 0.463 -1.1257 
-0.33528 0.463 -1.1257 
-0.2286 0.692 -1.1257 
-0.23698 0.7 -1.1257 
0.24282 0.128 -0.95144 
0.3556 0.237 -1.0088 
0.32512 0.249 -0.88692 
0.24587 0.165 -0.86152 
0.23978 0.165 -1.0414 
0.28448 0.229 -1.1003 
0 0.067001 -0.9903 
0 0.126 -0.84907 
-0.24587 0.165 -0.86152 
-0.24282 0.128 -0.95144 
-0.23978 0.165 -1.0414 
-0.28448 0.229 -1.1003 
-0.3556 0.237 -1.0088 
-0.32512 0.249 -0.88692 
0.46228 0.677 -1.1003 
0.50292 0.677 -0.97836 
0.42672 0.677 -1.1511 
0.56896 1.205 -1.0952 
0.508 1.205 -1.1714 
0.60452 1.205 -0.94788 
-0.50292 0.677 -0.97836 
-0.46228 0.677 -1.1003 
-0.42672 0.677 -1.1511 
-0.508 1.205 -1.1714 
-0.56896 1.205 -1.0952 
-0.60452 1.205 -0.94788 
0.72644 1.83 -0.9174 
0.69088 1.83 -1.0901 
0.5588 1.52 -1.1917 
0.85344 2.48 -0.88692 
0.79756 2.48 -1.085 
0.69596 2.48 -1.2451 
0.5334 2.48 -1.3543 
0.51638 1.734 -1.273 
0.39522 1.915 -1.3238 
0.34188 2.48 -1.4 
-0.69088 1.83 -1.0901 
-0.72644 1.83 -0.9174 
-0.5588 1.52 -1.1917 
-0.79756 2.48 -1.085 
-0.85344 2.48 -0.88692 
-0.69596 2.48 -1.2451 
-0.5334 2.48 -1.3543 
-0.51638 1.734 -1.273 
-0.39522 1.915 -1.3238 
-0.34188 2.48 -1.4 
0 0.814 -1.334 
0.27686 0.677 -1.339 
0.32004 0.677 -1.3086 
0.34341 0.926 -1.3644 
0.44856 0.926 -1.207 
0.18593 0.926 -1.4696 
0 0.926 -1.5067 
0.85344 2.851 -0.88692 
0.79756 2.851 -1.085 
0.69596 2.851 -1.2451 
0.5334 2.851 -1.3543 
0.34188 2.851 -1.4 
-0.79756 2.851 -1.085 
-0.85344 2.851 -0.88692 
-0.69596 2.851 -1.2451 
-0.5334 2.851 -1.3543 
-0.34188 2.851 -1.4 
0.48235 1.205 -1.2504 
0.36932 1.205 -1.4198 
0.1999 1.205 -1.5328 
0 1.205 -1.5727 
-0.27686 0.677 -1.339 
-0.32004 0.677 -1.3086 
-0.44856 0.926 -1.207 
-0.18593 0.926 -1.4696 
-0.48235 1.205 -1.2504 
-0.44855 1.205 -1.3011 
-0.18591 1.205 -1.5356 
0.42901 1.52 -1.385 
0.23216 1.52 -1.5163 
0 1.52 -1.5626 
0 1.734 -1.5219 
0.25273 1.734 -1.4732 
0.46685 1.734 -1.3302 
0.23749 1.915 -1.4188 
0 1.915 -1.466 
0 2.036 -1.4203 
0.15418 2.036 -1.3896 
-0.44848 1.52 -1.356 
-0.18596 1.52 -1.5255 
-0.25273 1.734 -1.4732 
-0.46685 1.734 -1.3302 
-0.37904 1.734 -1.3888 
-0.32014 1.915 -1.369 
-0.23749 1.915 -1.4188 
-0.15418 2.036 -1.3896 
-0.32004 1.9151 -2.0414 
-0.44856 1.5199 -2.0414 
-0.18593 1.5199 -2.0414 
-0.18593 0.92556 -2.0414 
-0.32004 0.67664 -2.0414 
-0.44856 0.92556 -2.0414 
0 3.938 -1.4 
0.34188 3.938 -1.4 
0.5334 3.938 -1.3543 
0.69596 3.938 -1.2451 
0.79756 3.938 -1.085 
0.85344 3.938 -0.88692 
-0.34188 3.938 -1.4 
-0.5334 3.938 -1.3543 
-0.69596 3.938 -1.2451 
-0.79756 3.938 -1.085 
-0.85344 3.938 -0.88692 
0 5.249 -1.4 
0.34188 5.249 -1.4 
0.5334 5.249 -1.3543 
0.69596 5.249 -1.2451 
0.79756 5.249 -1.085 
0.85344 5.249 -0.88692 
-0.34188 5.249 -1.4 
-0.5334 5.249 -1.3543 
-0.69596 5.249 -1.2451 
-0.79756 5.249 -1.085 
-0.85344 5.249 -0.88692 
0 6.986 -1.4 
0.34188 6.986 -1.4 
0.34188 6.453 -1.4 
0 6.4562 -1.4 
0.5334 6.453 -1.3543 
0.69596 6.453 -1.2451 
0.79756 6.453 -1.085 
0.85344 6.453 -0.88692 
-0.34188 6.453 -1.4 
-0.34188 6.986 -1.4 
-0.5334 6.453 -1.3543 
-0.69596 6.453 -1.2451 
-0.79756 6.453 -1.085 
-0.85344 6.453 -0.88692 
0 7.8112 -1.0776 
0.21158 7.814 -1.0767 
0 9.1577 -0.55164 
0.33249 7.8041 -1.0518 
0.15443 9.1577 -0.48738 
0.49987 7.7719 -0.97074 
0.2855 9.1577 -0.304 
0.62611 7.7132 -0.82342 
0.37313 9.1577 -0.0294 
0.70968 7.6362 -0.63013 
-0.21158 7.814 -1.0767 
-0.33249 7.8041 -1.0518 
-0.49987 7.7719 -0.97074 
-0.15443 9.1577 -0.48738 
-0.62611 7.7132 -0.82342 
-0.2855 9.1577 -0.304 
-0.70968 7.6362 -0.63013 
-0.37313 9.1577 -0.0294 
0.5334 6.986 -1.3543 
0.69596 6.986 -1.2451 
0.79756 6.986 -1.085 
0.85344 6.986 -0.88692 
-0.5334 6.986 -1.3543 
-0.69596 6.986 -1.2451 
-0.79756 6.986 -1.085 
-0.85344 6.986 -0.88692 
0.61392 7.6469 -1.0569 
0.46787 7.666 -1.0911 
0.72085 7.5948 -0.96363 
0.75997 7.524 -0.83587 
0.75997 7.304 -0.95829 
0.72085 7.375 -1.0861 
0.61392 7.4267 -1.1793 
0.46787 7.4457 -1.2136 
-0.46787 7.666 -1.0911 
-0.61392 7.6469 -1.0569 
-0.72085 7.5948 -0.96363 
-0.75997 7.524 -0.83587 
-0.75997 7.304 -0.95829 
-0.72085 7.375 -1.0861 
-0.61392 7.4267 -1.1793 
-0.46787 7.4457 -1.2136 
0.1684 11.202 -0.1099 
0.29185 11.202 0.1347 
0 11.202 -0.1976 
-0.1684 11.202 -0.1099 
-0.29185 11.202 0.1347 
0.13513 13.234 0.22 
0.23393 13.234 0.4004 
0 13.234 0.154 
-0.13513 13.234 0.22 
-0.23393 13.234 0.4004 
0.16256 14.468 0.4809 
0 14.468 0.3678 
-0.16256 14.468 0.4809 
0 15.948 0.6279 
1.8608 7.3186 -0.17271 
2.3903 7.2704 -0.27981 
2.3729 6.9059 -0.1716 
1.8819 7.0549 -0.1021 
2.4095 7.2686 -0.2837 
2.3881 6.9013 -0.17375 
2.4619 7.2638 -0.29431 
2.4799 7.2622 -0.29794 
2.4988 6.8677 -0.18942 
2.4839 6.8722 -0.18731 
3.3599 7.182 -0.47595 
3.3119 6.621 -0.3045 
1.8418 7.3203 -0.16887 
1.8606 7.0614 -0.099089 
1.755 7.3282 -0.15133 
1.7686 7.327 -0.15407 
1.7674 7.0896 -0.085898 
1.7541 7.0937 -0.084013 
0.737 7.412 0.07 
2.3752 6.7425 -0.13511 
1.8846 6.8187 -0.050087 
2.3881 6.7405 -0.13735 
2.4967 6.7237 -0.15618 
2.4842 6.7256 -0.15401 
3.319 6.596 -0.2987 
1.8658 6.8216 -0.046821 
1.7703 6.8364 -0.030276 
1.754 6.839 -0.027446 
0.80696 6.986 0.1367 
2.3756 6.5204 -0.086477 
1.8831 6.4809 0.024319 
2.3885 6.5214 -0.089384 
2.4965 6.5301 -0.11368 
2.484 6.5291 -0.11086 
1.8655 6.4794 0.028286 
1.7722 6.472 0.049254 
1.7546 6.4706 0.053221 
0.79985 6.394 0.268 
0.78892 6.228 0.3663 
1.7784 6.3614 0.11222 
1.7911 6.3631 0.10896 
1.8428 6.3611 0.10093 
1.8441 6.3702 0.095341 
1.8571 6.372 0.092018 
1.8556 6.3627 0.09771 
2.4025 6.4455 -0.048028 
2.4153 6.4472 -0.051325 
2.4711 6.4548 -0.065659 
2.4601 6.4533 -0.06283 
3.3261 6.57 -0.2852 
3.347 6.551 -0.2778 
2.4651 6.4397 -0.05574 
2.4551 6.4384 -0.053245 
2.4074 6.4324 -0.041229 
2.4195 6.4339 -0.04427 
1.7815 6.3533 0.11639 
1.793 6.3548 0.11349 
1.8181 6.3231 0.17092 
0.77521 6.177 0.4595 
2.4364 6.4097 -0.00015461 
3.3599 6.539 -0.2557 
3.3599 7.182 -0.50295 
3.3119 6.621 -0.34007 
3.3599 7.182 -1.0057 
3.3119 6.621 -1.0025 
3.3599 7.182 -1.016 
3.3119 6.621 -1.016 
3.3186 6.5972 -0.33457 
3.312 6.6205 -1.0024 
3.3261 6.57 -1.016 
3.3261 6.57 -1.0021 
3.3261 6.57 -0.32174 
3.3476 6.5504 -0.31471 
3.3597 6.5392 -1.002 
3.3599 6.539 -1.016 
3.3599 6.539 -0.29372 
3.3599 6.539 -1.0016 
-1.8819 7.0549 -0.1021 
-2.3729 6.9059 -0.1716 
-2.3903 7.2704 -0.27981 
-1.8608 7.3186 -0.17271 
-2.3881 6.9013 -0.17375 
-2.4095 7.2686 -0.2837 
-2.4839 6.8722 -0.18731 
-2.4988 6.8677 -0.18942 
-2.4799 7.2622 -0.29794 
-2.4619 7.2638 -0.29431 
-3.3119 6.621 -0.3045 
-3.3599 7.182 -0.47595 
-1.8606 7.0614 -0.099089 
-1.8418 7.3203 -0.16887 
-1.7541 7.0937 -0.084013 
-1.7674 7.0896 -0.085898 
-1.7686 7.327 -0.15407 
-1.755 7.3282 -0.15133 
-0.737 7.412 0.07 
-1.8846 6.8187 -0.050087 
-2.3752 6.7425 -0.13511 
-2.3881 6.7405 -0.13735 
-2.4842 6.7256 -0.15401 
-2.4967 6.7237 -0.15618 
-3.319 6.596 -0.2987 
-1.8658 6.8216 -0.046821 
-1.754 6.839 -0.027446 
-1.7703 6.8364 -0.030276 
-0.80696 6.986 0.1367 
-1.8831 6.4809 0.024319 
-2.3756 6.5204 -0.086477 
-2.3885 6.5214 -0.089384 
-2.484 6.5291 -0.11086 
-2.4965 6.5301 -0.11368 
-1.8655 6.4794 0.028286 
-1.7546 6.4706 0.053221 
-1.7722 6.472 0.049254 
-0.79985 6.394 0.268 
-1.7784 6.3614 0.11222 
-0.78892 6.228 0.3663 
-1.7911 6.3631 0.10896 
-1.8556 6.3627 0.09771 
-1.8571 6.372 0.092018 
-1.8441 6.3702 0.095341 
-1.8428 6.3611 0.10093 
-2.4025 6.4455 -0.048028 
-2.4153 6.4472 -0.051325 
-2.4601 6.4533 -0.06283 
-2.4711 6.4548 -0.065659 
-3.3261 6.57 -0.2852 
-2.4651 6.4397 -0.05574 
-3.347 6.551 -0.2778 
-2.4551 6.4384 -0.053245 
-2.4074 6.4324 -0.041229 
-2.4195 6.4339 -0.04427 
-1.7815 6.3533 0.11639 
-1.793 6.3548 0.11349 
-0.77521 6.177 0.4595 
-1.8181 6.3231 0.17092 
-2.4364 6.4097 -0.00015461 
-3.3599 6.539 -0.2557 
-3.3119 6.621 -0.34007 
-3.3599 7.182 -0.50295 
-3.3119 6.621 -1.0025 
-3.3599 7.182 -1.0057 
-3.3119 6.621 -1.016 
-3.3599 7.182 -1.016 
-3.3186 6.5972 -0.33457 
-3.312 6.6205 -1.0024 
-3.3261 6.57 -1.0021 
-3.3261 6.57 -1.016 
-3.3261 6.57 -0.32174 
-3.3476 6.5504 -0.31471 
-3.3597 6.5392 -1.002 
-3.3599 6.539 -1.016 
-3.3599 6.539 -0.29372 
-3.3599 6.539 -1.0016 
0 -0.607 -1.037 
-0.00635 -0.607 -1.0388 
0.00635 -0.607 -1.0388 
-0.010922 -0.608 -1.0434 
0.010922 -0.608 -1.0434 
-0.0127 -0.609 -1.0495 
0.0127 -0.609 -1.0495 
-0.010922 -0.611 -1.0556 
0.010922 -0.611 -1.0556 
-0.00635 -0.612 -1.0602 
0.00635 -0.612 -1.0602 
0 -0.612 -1.0619 
0 -0.091999 -1.1821 
0.00635 -0.091999 -1.1803 
-0.00635 -0.091999 -1.1803 
-0.010922 -0.091 -1.1757 
-0.0127 -0.089001 -1.1696 
-0.010922 -0.088001 -1.1635 
-0.00635 -0.087002 -1.159 
0 -0.085999 -1.1572 
0.00635 -0.087002 -1.159 
0.010922 -0.088001 -1.1635 
0.0127 -0.089001 -1.1696 
0.010922 -0.091 -1.1757 
0.046736 -0.617 -1.0825 
0.040386 -0.617 -1.0843 
0.053086 -0.617 -1.0843 
0.035814 -0.619 -1.0889 
0.057658 -0.619 -1.0889 
0.034036 -0.62 -1.095 
0.059436 -0.62 -1.095 
0.035814 -0.622 -1.101 
0.057658 -0.622 -1.101 
0.040386 -0.623 -1.1056 
0.053086 -0.623 -1.1056 
0.046736 -0.623 -1.1074 
0.046736 -0.103 -1.2275 
0.053086 -0.102 -1.2258 
0.040386 -0.102 -1.2258 
0.035814 -0.101 -1.2212 
0.034036 -0.099998 -1.2151 
0.035814 -0.098 -1.209 
0.040386 -0.097 -1.2044 
0.046736 -0.097 -1.2026 
0.053086 -0.097 -1.2044 
0.057658 -0.098 -1.209 
0.059436 -0.099998 -1.2151 
0.057658 -0.101 -1.2212 
0 -0.628 -1.128 
-0.00635 -0.628 -1.1297 
0.00635 -0.628 -1.1297 
-0.010922 -0.629 -1.1343 
0.010922 -0.629 -1.1343 
-0.0127 -0.631 -1.1404 
0.0127 -0.631 -1.1404 
-0.010922 -0.632 -1.1465 
0.010922 -0.632 -1.1465 
-0.00635 -0.633 -1.1511 
0.00635 -0.633 -1.1511 
0 -0.633 -1.1529 
0 -0.113 -1.273 
0.00635 -0.113 -1.2712 
-0.00635 -0.113 -1.2712 
-0.010922 -0.112 -1.2667 
-0.0127 -0.111 -1.2606 
-0.010922 -0.109 -1.2545 
-0.00635 -0.108 -1.2499 
0 -0.108 -1.2481 
0.00635 -0.108 -1.2499 
0.010922 -0.109 -1.2545 
0.0127 -0.111 -1.2606 
0.010922 -0.112 -1.2667 
-0.046736 -0.617 -1.0825 
-0.053086 -0.617 -1.0843 
-0.040386 -0.617 -1.0843 
-0.057658 -0.619 -1.0889 
-0.035814 -0.619 -1.0889 
-0.059436 -0.62 -1.095 
-0.034036 -0.62 -1.095 
-0.057658 -0.622 -1.101 
-0.035814 -0.622 -1.101 
-0.053086 -0.623 -1.1056 
-0.040386 -0.623 -1.1056 
-0.046736 -0.623 -1.1074 
-0.046736 -0.103 -1.2275 
-0.040386 -0.102 -1.2258 
-0.053086 -0.102 -1.2258 
-0.057658 -0.101 -1.2212 
-0.059436 -0.099998 -1.2151 
-0.057658 -0.098 -1.209 
-0.053086 -0.097 -1.2044 
-0.046736 -0.097 -1.2026 
-0.040386 -0.097 -1.2044 
-0.035814 -0.098 -1.209 
-0.034036 -0.099998 -1.2151 
-0.035814 -0.101 -1.2212 
-0.059436 -0.097 -1.2159 
-0.051562 -0.103 -1.2448 
-0.029718 -0.108 -1.2659 
0 -0.11 -1.2738 
0.029718 -0.108 -1.2659 
0.051562 -0.103 -1.2448 
0.059436 -0.097 -1.2159 
0.051562 -0.09 -1.1869 
0.029718 -0.084999 -1.1658 
0 -0.083 -1.1579 
-0.029718 -0.084999 -1.1658 
-0.051562 -0.09 -1.1869 
0 -0.019001 -1.2948 
0.029718 -0.017002 -1.287 
-0.029718 -0.017002 -1.287 
-0.051562 -0.012001 -1.2659 
-0.059436 -0.0060005 -1.2369 
-0.051562 0.00099945 -1.208 
-0.029718 0.0060005 -1.1869 
0 0.0079994 -1.179 
0.029718 0.0060005 -1.1869 
0.051562 0.00099945 -1.208 
0.059436 -0.0060005 -1.2369 
0.051562 -0.012001 -1.2659 
-0.10668 0.26 -1.3543 
0 0.258 -1.3543 
-0.038862 0.252 -1.3362 
-0.055118 0.237 -1.2931 
-0.039 0.223 -1.2496 
0 0.217 -1.2316 
0.038862 0.223 -1.2496 
0.055118 0.237 -1.2931 
0.10668 0.26 -1.3543 
0.038862 0.252 -1.3362 
0 0.035 -1.303 
0.038862 0.039001 -1.287 
-0.038862 0.039001 -1.287 
-0.055118 0.047001 -1.2491 
-0.038862 0.056 -1.2113 
0 0.060001 -1.1953 
0.038862 0.056 -1.2113 
0.055118 0.047001 -1.2491 
0.01905 0.036999 -1.2806 
0 0.035 -1.2855 
-0.01905 0.036999 -1.2806 
0.03302 0.040001 -1.2669 
-0.03302 0.040001 -1.2669 
0.0381 0.043999 -1.2484 
-0.0381 0.043999 -1.2484 
0.03302 0.048 -1.2298 
-0.03302 0.048 -1.2298 
-0.01905 0.050999 -1.2161 
0.01905 0.050999 -1.2161 
0 0.053001 -1.2113 
0 -0.014 -1.274 
0.01905 -0.013 -1.2692 
-0.01905 -0.013 -1.2692 
-0.03302 -0.010002 -1.2555 
-0.0381 -0.0060005 -1.2369 
-0.03302 -0.00099945 -1.2184 
-0.01905 0.0019989 -1.2047 
0 0.0029984 -1.1999 
0.01905 0.0019989 -1.2047 
0.03302 -0.00099945 -1.2184 
0.0381 -0.0060005 -1.2369 
0.03302 -0.010002 -1.2555 
0.2286 0.463 -1.3543 
0 0.692 -1.3543 
-0.2286 0.463 -1.3543 
0.10668 0.463 -1.431 
0 0.463 -1.449 
-0.10668 0.463 -1.431 
0.30988 0.33 -0.68372 
0.28448 0.304 -0.68372 
0.24714 0.255 -0.82444 
0.28143 0.28 -0.81326 
0.26848 0.384 -0.52878 
0.24638 0.354 -0.54148 
0.15494 0.423 -0.41524 
0.14224 0.39 -0.43734 
0 0.438 -0.3738 
0 0.404 -0.3992 
-0.15494 0.423 -0.41524 
-0.14224 0.39 -0.43734 
-0.26848 0.384 -0.52878 
-0.24638 0.354 -0.54148 
-0.30988 0.33 -0.68372 
-0.28448 0.304 -0.68372 
-0.28143 0.28 -0.81326 
-0.24714 0.255 -0.82444 
0.37795 0.677 -0.64206 
0.38913 0.722 -0.62225 
0.40234 0.687 -0.58187 
0.38913 0.636 -0.5966 
0.31547 0.565 -0.44166 
0.30328 0.518 -0.46426 
0.16764 0.498 -0.3652 
0.16053 0.456 -0.3937 
0 0.479 -0.3431 
-0.127 0.473 -0.3825 
-0.1778 0.722 -0.2082 
-0.20574 0.722 -0.2156 
-0.19558 0.941 -0.1569 
-0.22352 0.941 -0.1645 
-0.23368 1.205 -0.1419 
-0.26162 1.205 -0.1493 
0.5588 1.83 -0.1432 
0.45314 1.205 -0.3408 
0.48768 1.205 -0.41346 
0.26162 1.205 -0.1493 
0.2827 1.555 -0.0995 
0.25451 1.534 -0.0927 
0 1.205 -0.0792 
-0.25451 1.534 -0.0927 
-0.2827 1.555 -0.0995 
-0.5588 1.83 -0.1432 
-0.45314 1.205 -0.3408 
-0.48768 1.205 -0.41346 
0.61671 2.48 0.138 
0.53924 2.775 0.265 
0.46965 2.851 0.3424 
0.58953 2.48 0.19 
0.34036 2.48 0.4392 
0.37363 2.775 0.4186 
-0.58953 2.48 0.19 
-0.46965 2.851 0.3424 
-0.53924 2.775 0.265 
-0.61671 2.48 0.138 
-0.34036 2.48 0.4392 
-0.37363 2.775 0.4186 
0.30988 1.626 0.0275 
0.28448 1.601 0.0275 
0.26848 1.712 0.1824 
0.24638 1.68 0.1697 
0.15494 1.775 0.296 
0.14224 1.738 0.2739 
0 1.798 0.3374 
0 1.759 0.312 
-0.127 1.779 0.3033 
-0.14224 1.738 0.2739 
-0.15494 1.775 0.296 
-0.24638 1.68 0.1697 
-0.26848 1.712 0.1824 
-0.30988 1.626 0.0275 
-0.28448 1.601 0.0275 
-0.26416 2.079 0.4037 
-0.29667 2.117 0.4004 
-0.2921 2.079 0.3963 
-0.51384 2.117 0.1832 
-0.50597 2.079 0.1824 
-0.58293 2.117 -0.019 
-0.57937 2.079 -0.0355 
-0.31242 2.48 0.4466 
0 0.267 -0.7904 
0.4826 0.677 -0.8158 
0.55372 1.205 -0.59228 
0.44704 0.941 -0.52776 
0.59944 1.205 -0.77008 
-0.4826 0.677 -0.8158 
-0.37795 0.677 -0.64206 
-0.55372 1.205 -0.59228 
-0.44704 0.941 -0.52776 
-0.59944 1.205 -0.77008 
0.64516 1.83 -0.3434 
0.69596 1.83 -0.52624 
0.71628 1.83 -0.73452 
0.57937 2.079 -0.0355 
0.71628 2.48 -0.0894 
0.77724 2.48 -0.2773 
0.8128 2.48 -0.47036 
0.84328 2.48 -0.67864 
-0.64516 1.83 -0.3434 
-0.69596 1.83 -0.52624 
-0.71628 1.83 -0.73452 
-0.71628 2.48 -0.0894 
-0.77724 2.48 -0.2773 
-0.8128 2.48 -0.47036 
-0.84328 2.48 -0.67864 
0 2.851 0.4898 
0 2.48 0.5304 
0.34036 2.851 0.4392 
0.61671 2.851 0.138 
0.71628 2.851 -0.0894 
0.77724 2.851 -0.2773 
0.8128 2.851 -0.47036 
0.84328 2.851 -0.67864 
-0.34036 2.851 0.4392 
-0.61671 2.851 0.138 
-0.71628 2.851 -0.0894 
-0.77724 2.851 -0.2773 
-0.8128 2.851 -0.47036 
-0.84328 2.851 -0.67864 
0.85344 2.866 -0.67864 
0.84836 2.892 -0.47036 
0.8382 2.937 -0.2773 
0.82804 2.998 -0.0894 
0.80772 3.09 0.138 
0.7874 3.247 0.3424 
0.76708 3.43 0.4816 
0.31801 2.894 0.4816 
0.159 2.904 0.5243 
0 3.43 0.571 
0.85344 3.938 -0.67864 
0.84836 3.938 -0.47036 
0.8382 3.938 -0.2773 
0.82804 3.938 -0.0894 
0.80772 3.938 0.138 
0.7874 3.938 0.3424 
0.76708 3.938 0.4816 
-0.85344 2.866 -0.67864 
-0.84836 2.892 -0.47036 
-0.8382 2.937 -0.2773 
-0.82804 2.998 -0.0894 
-0.80772 3.09 0.138 
-0.7874 3.247 0.3424 
-0.76708 3.43 0.4816 
-0.31801 2.894 0.4816 
-0.159 2.904 0.5243 
-0.85344 3.938 -0.67864 
-0.84836 3.938 -0.47036 
-0.8382 3.938 -0.2773 
-0.82804 3.938 -0.0894 
-0.80772 3.938 0.138 
-0.7874 3.938 0.3424 
-0.76708 3.938 0.4816 
0.7874 5.249 0.3424 
0.76708 5.249 0.4816 
0.7366 5.249 0.6726 
0.7748 6.1306 0.46061 
0.767 6.1715 0.50961 
0.77038 6.274 0.4915 
0.78884 6.179 0.3651 
0.80772 5.249 0.138 
0.80024 6.3368 0.2615 
0.807 6.8991 0.13677 
0.75428 6.2565 0.56182 
0.7366 6.986 0.6726 
0.77545 6.4872 0.45477 
0.76708 6.986 0.4816 
0.77749 6.461 0.4433 
0.77848 6.5135 0.43321 
0.7874 6.986 0.3424 
0.79832 6.986 0.222 
0.79723 6.986 0.23404 
-0.77038 6.274 0.4915 
-0.7748 6.1306 0.46061 
-0.767 6.1715 0.50961 
-0.76708 5.249 0.4816 
-0.7366 5.249 0.6726 
-0.78884 6.179 0.3651 
-0.7874 5.249 0.3424 
-0.80024 6.3368 0.2615 
-0.80772 5.249 0.138 
-0.807 6.8991 0.13677 
-0.75428 6.2565 0.56182 
-0.7366 6.986 0.6726 
-0.76708 6.986 0.4816 
-0.77545 6.4872 0.45477 
-0.77749 6.461 0.4433 
-0.7874 6.986 0.3424 
-0.77848 6.5135 0.43321 
-0.79832 6.986 0.222 
-0.79723 6.986 0.23404 
-0.82804 5.249 -0.0894 
-0.8382 5.249 -0.2773 
0.84836 5.249 -0.47036 
0.8382 5.249 -0.2773 
0.82804 5.249 -0.0894 
0.85344 5.249 -0.67864 
-0.84836 5.249 -0.47036 
-0.85344 5.249 -0.67864 
0.85344 6.986 -0.67864 
0.84836 6.986 -0.47036 
0.8382 6.986 -0.2773 
0.82804 6.986 -0.0894 
0.80907 6.986 0.11409 
-0.85344 6.986 -0.67864 
-0.84836 6.986 -0.47036 
-0.8382 6.986 -0.2773 
-0.82804 6.986 -0.0894 
-0.80907 6.986 0.11409 
0.40386 9.1577 0.2942 
0.66688 7.3847 0.05622 
0.717 7.5154 0.08349 
0.76678 7.2058 0.15377 
0.77419 7.166 0.1509 
0.37313 9.1577 0.6178 
0.2855 9.1577 0.8923 
0.63602 6.986 0.8982 
0.15443 9.1577 1.0757 
0.59334 6.986 1.0572 
0.508 6.986 1.2416 
0.38608 7.6464 1.1278 
0 9.1577 1.14 
0 8.241 1.14 
-0.40386 9.1577 0.2942 
-0.66688 7.3847 0.05622 
-0.717 7.5154 0.08349 
-0.76678 7.2058 0.15377 
-0.77419 7.166 0.1509 
-0.37313 9.1577 0.6178 
-0.63602 6.986 0.8982 
-0.2855 9.1577 0.8923 
-0.59334 6.986 1.0572 
-0.15443 9.1577 1.0757 
-0.38608 7.6464 1.1278 
-0.508 6.986 1.2416 
0.31801 2.983 1.0841 
0.31801 3.042 1.1176 
0.159 3.032 1.075 
0.17577 2.974 1.046 
0.46025 2.974 1.046 
0.47701 3.032 1.075 
0.56439 2.95 0.9419 
0.59334 3.005 0.9586 
0.60249 2.917 0.7996 
0.63602 2.968 0.7996 
0.56439 2.884 0.6574 
0.59334 2.931 0.6406 
0.46025 2.86 0.5533 
0.47701 2.904 0.5243 
0.31801 2.851 0.5152 
0.17577 2.86 0.5533 
0.071628 2.884 0.6574 
0.042672 2.931 0.6406 
0.033528 2.917 0.7996 
0 2.968 0.7996 
0.071628 2.95 0.9419 
0.042672 3.005 0.9586 
0.31801 3.054 0.8687 
0.39319 3.056 0.8487 
0.44806 3.061 0.7938 
0.46812 3.067 0.7191 
0.44806 3.074 0.6444 
0.39319 3.078 0.5896 
0.31801 3.08 0.5695 
0.24282 3.078 0.5896 
0.18796 3.074 0.6444 
0.16789 3.067 0.7191 
0.18796 3.061 0.7938 
0.24282 3.056 0.8487 
-0.159 3.032 1.075 
-0.31801 3.042 1.1176 
-0.31801 2.983 1.0841 
-0.17577 2.974 1.046 
-0.47701 3.032 1.075 
-0.46025 2.974 1.046 
-0.59334 3.005 0.9586 
-0.56439 2.95 0.9419 
-0.63602 2.968 0.7996 
-0.60249 2.917 0.7996 
-0.59334 2.931 0.6406 
-0.56439 2.884 0.6574 
-0.47701 2.904 0.5243 
-0.46025 2.86 0.5533 
-0.31801 2.851 0.5152 
-0.17577 2.86 0.5533 
-0.042672 2.931 0.6406 
-0.071628 2.884 0.6574 
-0.033528 2.917 0.7996 
-0.042672 3.005 0.9586 
-0.071628 2.95 0.9419 
-0.31801 3.054 0.8687 
-0.39319 3.056 0.8487 
-0.44806 3.061 0.7938 
-0.46812 3.067 0.7191 
-0.44806 3.074 0.6444 
-0.39319 3.078 0.5896 
-0.31801 3.08 0.5695 
-0.24282 3.078 0.5896 
-0.18796 3.074 0.6444 
-0.16789 3.067 0.7191 
-0.18796 3.061 0.7938 
-0.24282 3.056 0.8487 
0.7366 3.43 0.6726 
0.63602 3.43 0.888 
0.59334 3.43 1.047 
0.47701 3.43 1.1634 
0.31801 3.43 1.206 
0.159 3.43 1.1634 
0.042672 3.43 1.047 
0 3.43 0.888 
-0.7366 3.43 0.6726 
-0.63602 3.43 0.888 
-0.59334 3.43 1.047 
-0.47701 3.43 1.1634 
-0.31801 3.43 1.206 
-0.159 3.43 1.1634 
-0.042672 3.43 1.047 
0 4.121 1.1248 
0.12954 4.121 1.1596 
0.31801 4.121 1.2162 
0.47701 4.11 1.1735 
0.59334 4.081 1.0572 
0.63602 4.042 0.8982 
0.7366 3.986 0.6726 
-0.12954 4.121 1.1596 
-0.31801 4.121 1.2162 
-0.47701 4.11 1.1735 
-0.59334 4.081 1.0572 
-0.63602 4.042 0.8982 
-0.7366 3.986 0.6726 
0.74308 4.9016 0.62317 
0.73885 4.6363 0.6563 
0.74041 4.863 0.6389 
0.73736 4.673 0.6655 
0.72908 5.0898 0.68932 
0.7272 5.05 0.6935 
0.66198 5.186 0.83989 
0.6731 5.159 0.8149 
0.63602 5.249 0.8982 
0.60952 5.1937 0.99707 
0.61646 5.17 0.9713 
0.59334 5.249 1.0572 
0.55534 5.1098 1.1392 
0.56718 5.075 1.1136 
0.508 5.249 1.2416 
0.51699 4.9295 1.2103 
0.52476 4.894 1.1944 
0.44704 5.249 1.3534 
0.48557 4.6313 1.1988 
0.50419 4.688 1.1969 
0.54056 4.497 1.1447 
0.54762 4.54 1.1415 
0.59997 4.4131 1.0323 
0.60071 4.45 1.0295 
0.63876 4.393 0.88839 
0.63906 4.432 0.8873 
0.70089 4.4905 0.75297 
0.69901 4.517 0.7572 
0.22428 4.121 1.2543 
0.25908 4.121 1.3838 
0.38608 5.249 1.4448 
0.22428 4.121 1.5134 
0.286 5.249 1.5489 
0.12954 4.121 1.6081 
0.1651 5.249 1.6698 
0 4.121 1.6429 
0 5.249 1.714 
-0.74041 4.863 0.6389 
-0.74308 4.9016 0.62317 
-0.73885 4.6363 0.6563 
-0.73736 4.673 0.6655 
-0.72908 5.0898 0.68932 
-0.7272 5.05 0.6935 
-0.6731 5.159 0.8149 
-0.66198 5.186 0.83989 
-0.63602 5.249 0.8982 
-0.61646 5.17 0.9713 
-0.60952 5.1937 0.99707 
-0.59334 5.249 1.0572 
-0.56718 5.075 1.1136 
-0.55534 5.1098 1.1392 
-0.508 5.249 1.2416 
-0.52476 4.894 1.1944 
-0.51699 4.9295 1.2103 
-0.44704 5.249 1.3534 
-0.50419 4.688 1.1969 
-0.48557 4.6313 1.1988 
-0.54056 4.497 1.1447 
-0.54762 4.54 1.1415 
-0.59997 4.4131 1.0323 
-0.60071 4.45 1.0295 
-0.63876 4.393 0.88839 
-0.63906 4.432 0.8873 
-0.70089 4.4905 0.75297 
-0.69901 4.517 0.7572 
-0.22428 4.121 1.2543 
-0.25908 4.121 1.3838 
-0.38608 5.249 1.4448 
-0.22428 4.121 1.5134 
-0.286 5.249 1.5489 
-0.12954 4.121 1.6081 
-0.1651 5.249 1.6698 
0.1651 5.379 1.6698 
0 5.335 1.714 
0.286 5.5 1.5489 
0.3302 5.665 1.503 
0.286 5.83 1.5489 
0.33604 6.408 1.4969 
0.38608 6.986 1.4448 
0.286 6.986 1.5489 
0.1651 6.986 1.6698 
0.1651 5.951 1.6698 
0 6.986 1.714 
0 5.995 1.714 
0.44704 6.986 1.3534 
-0.1651 5.379 1.6698 
-0.286 5.5 1.5489 
-0.3302 5.665 1.503 
-0.286 5.83 1.5489 
-0.33604 6.408 1.4969 
-0.38608 6.986 1.4448 
-0.286 6.986 1.5489 
-0.1651 5.951 1.6698 
-0.1651 6.986 1.6698 
-0.44704 6.986 1.3534 
0.36068 7.6464 1.3178 
0.32512 7.6464 1.3889 
0.24384 7.6464 1.4804 
0.127 7.6464 1.5464 
0 7.6464 1.5718 
-0.127 7.6464 1.5464 
-0.24384 7.6464 1.4804 
-0.32512 7.6464 1.3889 
-0.36068 7.6464 1.3178 
0.1684 11.202 1.0483 
0 11.202 1.14 
0.29185 11.202 0.8037 
0.3368 11.202 0.4692 
-0.3368 11.202 0.4692 
-0.29185 11.202 0.8037 
-0.1684 11.202 1.0483 
0.13513 13.234 1.074 
0 13.234 1.14 
0.23393 13.234 0.8936 
0.27026 13.234 0.6432 
-0.27026 13.234 0.6432 
-0.23393 13.234 0.8936 
-0.13513 13.234 1.074 
0 0.722 -0.1605 
0.20574 0.722 -0.2156 
0.35636 0.722 -0.3662 
0.41148 0.722 -0.57196 
0.3871 0.941 -0.3281 
0.22352 0.941 -0.1645 
0 0.941 -0.1046 
-0.35636 0.722 -0.3662 
-0.41148 0.722 -0.57196 
-0.3871 0.941 -0.3281 
0.28956 1.803 0.2599 
0.50165 1.817 0.0478 
0.50597 2.079 0.1824 
0.2921 2.079 0.3963 
0 2.079 0.4745 
-0.50165 1.817 0.0478 
-0.28956 1.803 0.2599 
-0.10211 4.121 1.566 
0 4.121 1.5931 
-0.17653 4.121 1.4915 
-0.20396 4.121 1.3899 
-0.17653 4.121 1.2883 
-0.10185 4.121 1.2139 
0 4.121 1.1867 
0.10211 4.121 1.2139 
0.17653 4.121 1.2883 
0.20396 4.121 1.3899 
0.17653 4.121 1.4915 
0.10185 4.121 1.566 
0 4.0145 1.378 
-0.0381 4.0584 1.3155 
0 4.0592 1.3054 
-0.06604 4.0559 1.3435 
-0.0762 4.0523 1.3813 
-0.06604 4.0487 1.4191 
-0.0381 4.0462 1.4471 
0 4.0454 1.4572 
0.0381 4.0462 1.4471 
0.06604 4.0487 1.4191 
0.0762 4.0523 1.3813 
0.06604 4.0559 1.3435 
0.0381 4.0584 1.3155 
0 4.121 1.2825 
0.054102 4.121 1.2967 
-0.053848 4.121 1.2967 
-0.093472 4.121 1.3361 
-0.10795 4.121 1.3899 
-0.093472 4.121 1.4438 
-0.054102 4.121 1.4832 
0 4.121 1.4974 
0.053848 4.121 1.4832 
0.093472 4.121 1.4438 
0.10795 4.121 1.3899 
0.093472 4.121 1.3361 
-0.31801 3.0256 0.67747 
-0.31801 3.0283 0.67207 
-0.296 3.028 0.678 
-0.29896 3.0254 0.68255 
-0.31928 2.9235 0.70871 
-0.28 3.027 0.694 
-0.28499 3.0241 0.69626 
-0.27431 3.0245 0.7155 
-0.27991 3.0223 0.71531 
-0.28014 3.0226 0.73733 
-0.28499 3.0206 0.73436 
-0.29615 3.0211 0.75311 
-0.29896 3.0193 0.74808 
-0.318 3.021 0.759 
-0.31801 3.019 0.75316 
-0.34 3.0208 0.753 
-0.33706 3.0193 0.74808 
-0.35588 3.0226 0.73733 
-0.35103 3.0206 0.73436 
-0.36171 3.0245 0.7155 
-0.35611 3.0223 0.71531 
-0.35588 3.0266 0.69367 
-0.35103 3.0241 0.69626 
-0.33987 3.028 0.6779 
-0.33706 3.0254 0.68255 
0.33706 3.0254 0.68255 
0.33987 3.028 0.6779 
0.35588 3.0266 0.69367 
0.35103 3.0241 0.69626 
0.32029 2.9238 0.70515 
0.36171 3.0245 0.7155 
0.35611 3.0223 0.71531 
0.35588 3.0226 0.73733 
0.35103 3.0206 0.73436 
0.33987 3.0211 0.75311 
0.33706 3.0193 0.74808 
0.31801 3.0208 0.75894 
0.31801 3.019 0.75316 
0.29615 3.0211 0.75311 
0.29896 3.0193 0.74808 
0.28014 3.0226 0.73733 
0.28499 3.0206 0.73436 
0.27431 3.0245 0.7155 
0.27991 3.0223 0.71531 
0.28014 3.0266 0.69367 
0.28499 3.0241 0.69626 
0.296 3.028 0.678 
0.29896 3.0254 0.68255 
0.31801 3.0256 0.67747 
0.31801 3.0283 0.67207 
0.9144 4.9901 0.68966 
0.9144 4.8072 0.72268 
0.9144 4.6784 0.8131 
0.9144 4.6302 0.95534 
0.9144 4.6733 1.1108 
0.9144 4.8021 1.2434 
0.9144 4.9898 1.3175 
0.9144 5.19 1.3069 
0.9144 5.3424 1.2076 
0.9144 5.3967 1.047 
0.9144 5.3363 0.87559 
0.9144 5.1841 0.74528 
-0.9144 4.8072 0.72268 
-0.9144 4.9901 0.68966 
-0.9144 4.6784 0.8131 
-0.9144 4.6302 0.95534 
-0.9144 4.6733 1.1108 
-0.9144 4.8021 1.2434 
-0.9144 4.9898 1.3175 
-0.9144 5.19 1.3069 
-0.9144 5.3424 1.2076 
-0.9144 5.3967 1.047 
-0.9144 5.3363 0.87559 
-0.9144 5.1841 0.74528 
0.7286 4.8542 0.6668 
0.72585 4.6832 0.69074 
0.69134 4.5429 0.77327 
0.63738 4.4664 0.89036 
0.60287 4.4825 1.0183 
0.55509 4.5635 1.1191 
0.516 4.6967 1.169 
0.53451 4.8822 1.1667 
0.57269 5.045 1.094 
0.61704 5.1305 0.96596 
0.66802 5.1206 0.8252 
0.71671 5.0226 0.71594 
0.71679 4.8455 0.6947 
0.71435 4.6935 0.71598 
0.6223 4.7755 0.9179 
0.68367 4.5687 0.78934 
0.63571 4.5007 0.89342 
0.60503 4.5151 1.0072 
0.56256 4.5871 1.0968 
0.52781 4.7055 1.1411 
0.54427 4.8703 1.1391 
0.5782 5.0151 1.0745 
0.61763 5.0911 0.96062 
0.66294 5.0823 0.8355 
0.70622 4.9951 0.73838 
-0.72585 4.6832 0.69074 
-0.7286 4.8542 0.6668 
-0.69134 4.5429 0.77327 
-0.63738 4.4664 0.89036 
-0.60287 4.4825 1.0183 
-0.55509 4.5635 1.1191 
-0.516 4.6967 1.169 
-0.53451 4.8822 1.1667 
-0.57269 5.045 1.094 
-0.61704 5.1305 0.96596 
-0.66802 5.1206 0.8252 
-0.71671 5.0226 0.71594 
-0.71435 4.6935 0.71598 
-0.71679 4.8455 0.6947 
-0.6223 4.7755 0.9179 
-0.68367 4.5687 0.78934 
-0.63571 4.5007 0.89342 
-0.60503 4.5151 1.0072 
-0.56256 4.5871 1.0968 
-0.52781 4.7055 1.1411 
-0.54427 4.8703 1.1391 
-0.5782 5.0151 1.0745 
-0.61763 5.0911 0.96062 
-0.66294 5.0823 0.8355 
-0.70622 4.9951 0.73838 
0.16256 14.468 1.027 
0 14.468 1.14 
0.21151 14.324 0.84607 
0.19525 14.41 0.9019 
0.19888 14.404 0.888 
0.22987 14.468 0.7539 
0.22311 14.424 0.78715 
-0.22987 14.468 0.7539 
-0.21151 14.324 0.84607 
-0.22311 14.424 0.78715 
-0.16256 14.468 1.027 
-0.19525 14.41 0.9019 
-0.19888 14.404 0.888 
0.14834 14.554 1.1103 
0.21488 14.77 1.0356 
0.20189 14.534 0.91489 
0.20091 14.516 0.9058 
0.22987 14.503 0.77469 
-0.14834 14.554 1.1103 
-0.21488 14.77 1.0356 
-0.20189 14.534 0.91489 
-0.20091 14.516 0.9058 
-0.22987 14.503 0.77469 
1.615 14.54 0.85292 
1.615 14.602 0.86297 
1.6439 14.543 0.8522 
1.6439 14.604 0.8621 
-1.615 14.602 0.86297 
-1.615 14.54 0.85292 
-1.6439 14.604 0.8621 
-1.6439 14.543 0.8522 
1.615 14.961 0.87473 
-1.615 14.961 0.87473 
0.11557 15.318 1.775 
0.16332 15.547 1.775 
0 15.223 1.775 
-0.11557 15.318 1.775 
-0.16332 15.547 1.775 
-0.067818 16.425 2.7402 
-0.096012 16.56 2.7402 
0 16.084 2.4999 
0.077978 16.189 2.5345 
0.11862 16.221 2.4176 
0.10439 16.433 2.6195 
0.096012 16.56 2.7402 
0.067818 16.425 2.7402 
0.075184 16.256 2.5929 
0 16.37 2.7402 
0.16332 15.944 1.775 
0.12141 16.502 2.377 
0.10363 16.737 2.631 
0.096012 16.838 2.7402 
-0.096012 16.838 2.7402 
-0.16332 15.944 1.775 
0 16.737 1.775 
0 17.235 2.4999 
0.028702 17.019 2.41 
0.07112 16.765 2.3694 
0.075692 16.892 2.6259 
0.038862 17.083 2.5954 
0 17.4 2.7402 
0 16.425 2.808 
0 16.56 2.8362 
0 16.838 2.8362 
0.52807 16.314 2.5461 
0.52807 16.254 2.4999 
0.52807 16.458 2.5599 
0.52807 16.602 2.5334 
0.52807 16.662 2.4999 
0.52807 16.602 2.4666 
0.52807 16.458 2.4402 
0.52807 16.314 2.4539 
0.51613 16.351 2.5101 
0.51613 16.358 2.5172 
0.51613 16.368 2.52 
0.51613 16.378 2.5172 
0.51613 16.385 2.5098 
0.51613 16.388 2.4999 
0.51613 16.385 2.4898 
0.51613 16.378 2.4826 
0.51613 16.368 2.4798 
0.51613 16.358 2.4826 
0.51613 16.351 2.49 
0.51613 16.348 2.4999 
0.552 16.368 2.48 
0.552 16.358 2.483 
0.552 16.378 2.483 
0.552 16.385 2.49 
0.552 16.388 2.5 
0.552 16.385 2.51 
0.552 16.378 2.517 
0.552 16.368 2.52 
0.552 16.358 2.517 
0.552 16.351 2.51 
0.552 16.348 2.5 
0.552 16.351 2.49 
0.69596 16.332 2.5621 
0.696 16.358 2.517 
0.696 16.368 2.52 
0.69596 16.368 2.5718 
0.69596 16.306 2.536 
0.696 16.351 2.51 
0.69596 16.296 2.4999 
0.696 16.348 2.5 
0.69596 16.306 2.4641 
0.696 16.351 2.49 
0.69596 16.332 2.4377 
0.696 16.358 2.483 
0.69596 16.368 2.428 
0.696 16.368 2.48 
0.69596 16.404 2.4377 
0.696 16.378 2.483 
0.69596 16.43 2.4638 
0.696 16.385 2.49 
0.69596 16.44 2.4999 
0.696 16.388 2.5 
0.69596 16.43 2.5357 
0.696 16.385 2.51 
0.69596 16.404 2.5621 
0.696 16.378 2.517 
0.55194 16.368 2.428 
0.55194 16.332 2.4377 
0.55194 16.43 2.4638 
0.55194 16.44 2.4999 
0.55194 16.43 2.5357 
0.55194 16.332 2.5621 
0.55194 16.368 2.5718 
0.55194 16.306 2.536 
0.55194 16.306 2.4641 
0.55194 16.296 2.4999 
0.55194 16.404 2.4377 
0.55194 16.404 2.5621 
0.69596 16.296 2.5721 
0.69596 16.296 2.428 
0.55194 16.296 2.5721 
0.55194 16.296 2.428 
0.69596 16.146 2.5721 
0.69596 16.24 2.504 
0.69596 16.248 2.504 
0.69596 16.146 2.428 
0.69596 16.24 2.4961 
0.69596 16.248 2.4961 
0.55194 16.146 2.428 
0.59411 16.146 2.4491 
0.59411 16.146 2.5507 
0.55194 16.146 2.5721 
0.55194 16.146 2.5001 
0.65405 16.146 2.5507 
0.65405 16.146 2.4491 
0.69596 16.342 2.4011 
0.69596 16.467 2.4732 
0.55194 16.342 2.4011 
0.55194 16.467 2.4732 
0.55194 16.479 2.3077 
0.55194 16.417 2.2716 
0.55194 16.541 2.3437 
0.69596 16.417 2.2716 
0.59411 16.523 2.333 
0.59411 16.435 2.2822 
0.69596 16.541 2.3437 
0.65405 16.523 2.333 
0.65405 16.435 2.2822 
0.69596 16.424 2.3943 
0.69596 16.431 2.3981 
0.69596 16.428 2.3871 
0.69596 16.435 2.3909 
0.69596 16.467 2.5266 
0.69596 16.342 2.5987 
0.55194 16.467 2.5266 
0.55194 16.342 2.5987 
0.69596 16.425 2.6056 
0.69596 16.429 2.6127 
0.69596 16.417 2.7283 
0.69596 16.431 2.6015 
0.69596 16.541 2.6561 
0.69596 16.436 2.6086 
0.55194 16.417 2.7283 
0.55194 16.479 2.6922 
0.55194 16.541 2.6561 
0.59411 16.435 2.7176 
0.59411 16.523 2.6668 
0.65405 16.523 2.6668 
0.65405 16.435 2.7176 
0.65405 16.094 2.4491 
0.65405 16.094 2.5507 
0.59411 16.094 2.5507 
0.59411 16.094 2.4491 
0.65405 16.549 2.2881 
0.65405 16.461 2.2373 
0.59411 16.461 2.2373 
0.59411 16.549 2.2881 
0.65405 16.461 2.7626 
0.65405 16.549 2.7118 
0.59411 16.549 2.7118 
0.59411 16.461 2.7626 
0.64541 14.404 2.3917 
0.62408 14.404 2.3681 
0.62408 14.438 2.3681 
0.64541 14.438 2.3917 
0.62408 16.06 2.3681 
0.64541 16.06 2.3917 
0.62408 16.094 2.3681 
0.64541 16.094 2.3917 
0.60274 16.094 2.3917 
0.62408 16.094 2.632 
0.60274 14.404 2.3917 
0.60274 14.438 2.3917 
0.60274 16.06 2.3917 
0.59411 14.404 2.4491 
0.59411 14.438 2.4491 
0.59411 16.06 2.4491 
0.65405 16.06 2.4491 
0.65405 14.438 2.4491 
0.65405 14.404 2.4491 
0.65405 14.404 2.5507 
0.59411 14.404 2.5507 
0.62408 14.404 2.632 
0.62408 16.06 2.632 
0.65405 16.06 2.5507 
0.62408 14.438 2.632 
0.65405 14.438 2.5507 
0.59411 16.06 2.5507 
0.59411 14.438 2.5507 
0.64541 17.444 0.85323 
0.62408 17.464 0.86492 
0.62408 17.447 0.89419 
0.64541 17.427 0.8825 
0.62408 16.636 2.2992 
0.64541 16.616 2.2875 
0.62408 16.619 2.3285 
0.64541 16.599 2.3168 
0.60274 16.599 2.3168 
0.62408 16.391 2.1966 
0.60274 17.444 0.85323 
0.60274 17.427 0.8825 
0.60274 16.616 2.2875 
0.59411 17.394 0.82453 
0.59411 17.377 0.8538 
0.59411 16.566 2.2588 
0.65405 16.566 2.2588 
0.65405 17.377 0.8538 
0.65405 17.394 0.82453 
0.65405 17.306 0.77373 
0.59411 17.306 0.77373 
0.62408 17.236 0.73309 
0.62408 16.408 2.1673 
0.65405 16.478 2.208 
0.62408 17.219 0.76236 
0.65405 17.289 0.803 
0.59411 16.478 2.208 
0.59411 17.289 0.803 
0.64541 17.256 4.2548 
0.62408 17.236 4.2667 
0.62408 17.219 4.2374 
0.64541 17.239 4.2255 
0.62408 16.408 2.8325 
0.64541 16.428 2.8206 
0.62408 16.391 2.8032 
0.64541 16.411 2.7913 
0.60274 16.411 2.7913 
0.62408 16.619 2.6711 
0.60274 17.256 4.2548 
0.60274 17.239 4.2255 
0.60274 16.428 2.8206 
0.59411 17.306 4.2261 
0.59411 17.289 4.1968 
0.59411 16.478 2.7919 
0.65405 16.478 2.7919 
0.65405 17.289 4.1968 
0.65405 17.306 4.2261 
0.65405 17.394 4.1753 
0.59411 17.394 4.1753 
0.62408 17.464 4.1347 
0.62408 16.636 2.7004 
0.65405 16.566 2.7411 
0.62408 17.447 4.1054 
0.65405 17.377 4.146 
0.59411 16.566 2.7411 
0.59411 17.377 4.146 
0.7681 16.368 2.4798 
0.7681 16.358 2.4826 
0.7681 16.378 2.4826 
0.7681 16.385 2.4898 
0.7681 16.388 2.4999 
0.7681 16.385 2.5098 
0.7681 16.378 2.5172 
0.7681 16.368 2.52 
0.7681 16.358 2.5172 
0.7681 16.351 2.5101 
0.7681 16.348 2.4999 
0.7681 16.351 2.49 
0.771 16.368 2.48 
0.771 16.378 2.483 
0.771 16.385 2.49 
0.771 16.388 2.5 
0.771 16.385 2.51 
0.771 16.378 2.517 
0.771 16.358 2.517 
0.771 16.368 2.52 
0.771 16.351 2.51 
0.771 16.348 2.5 
0.771 16.358 2.483 
0.771 16.351 2.49 
0.771 16.368 2.5 
0.76505 16.248 2.504 
0.76505 16.24 2.504 
0.76505 16.24 2.4961 
0.76505 16.248 2.4961 
0.69941 16.24 2.4961 
0.69941 16.24 2.504 
0.7616 16.24 2.4961 
0.7616 16.24 2.504 
0.69941 16.248 2.4961 
0.7616 16.248 2.4961 
0.69941 16.248 2.504 
0.76523 16.251 2.4959 
0.76523 16.251 2.5039 
0.77082 16.348 2.4902 
0.77082 16.345 2.5001 
0.7618 16.251 2.4959 
0.7679 16.348 2.4902 
0.7616 16.248 2.504 
0.7618 16.251 2.5039 
0.7679 16.345 2.5 
0.76505 16.424 2.3943 
0.76505 16.428 2.3871 
0.76505 16.435 2.3909 
0.76505 16.431 2.3981 
0.69941 16.435 2.3909 
0.69941 16.428 2.3871 
0.7616 16.435 2.3909 
0.7616 16.428 2.3871 
0.69941 16.431 2.3981 
0.7616 16.431 2.3981 
0.69941 16.424 2.3943 
0.7616 16.424 2.3943 
0.76523 16.43 2.4009 
0.76523 16.423 2.397 
0.77082 16.386 2.4872 
0.77082 16.379 2.4803 
0.7679 16.386 2.487 
0.7618 16.43 2.4009 
0.7679 16.379 2.48 
0.7618 16.423 2.3969 
0.76505 16.431 2.6015 
0.76505 16.436 2.6086 
0.76505 16.429 2.6127 
0.76505 16.425 2.6056 
0.69941 16.429 2.6127 
0.69941 16.436 2.6086 
0.7616 16.429 2.6127 
0.7616 16.436 2.6086 
0.69941 16.425 2.6056 
0.7616 16.425 2.6056 
0.69941 16.431 2.6015 
0.7616 16.431 2.6015 
0.77082 16.38 2.5195 
0.77082 16.37 2.5226 
0.76523 16.429 2.599 
0.765 16.423 2.603 
0.7618 16.429 2.599 
0.7679 16.38 2.5197 
0.7618 16.423 2.603 
0.7679 16.37 2.5226 
3.0678 5.9446 -0.88514 
2.9916 5.9446 -0.88514 
2.9916 5.9446 -0.9555 
3.0678 5.9446 -0.9555 
3.0678 7.6718 -0.9555 
3.0678 7.6718 -0.88514 
3.068 6.27 -0.958 
3.068 7.48 -0.958 
2.9916 7.6718 -0.88514 
2.9916 7.6718 -0.9555 
2.992 7.48 -0.958 
2.992 6.27 -0.958 
3.652 5.9446 -0.88514 
3.652 5.9446 -0.9555 
3.7282 5.9446 -0.9555 
3.7282 5.9446 -0.88514 
3.7282 7.6718 -0.9555 
3.7282 7.6718 -0.88514 
3.728 6.27 -0.958 
3.728 7.48 -0.958 
3.652 7.6718 -0.88514 
3.652 7.6718 -0.9555 
3.652 7.48 -0.958 
3.652 6.27 -0.958 
3.29 6.56 -1.02 
3.29 6.67 -1.02 
3.068 6.67 -1.019 
3.068 6.56 -1.019 
3.43 6.56 -1.02 
3.652 6.56 -1.019 
3.652 6.67 -1.019 
3.43 6.67 -1.02 
3.43 7.06 -1.02 
3.43 7.06 -1.07 
3.3599 7.182 -1.0724 
3.29 7.06 -1.02 
3.29 7.06 -1.07 
3.43 6.67 -1.07 
3.76 6.67 -1.02 
3.76 6.67 -1.07 
3.62 6.54 -1.018 
3.62 7.18 -1.018 
3.76 6.56 -1.02 
3.76 6.56 -1.07 
3.76 6.54 -1.018 
3.76 7.18 -1.018 
2.96 6.56 -1.02 
2.96 6.56 -1.07 
3.29 6.56 -1.07 
3.43 6.56 -1.07 
2.96 6.67 -1.02 
2.96 6.67 -1.07 
2.96 6.54 -1.018 
2.96 7.18 -1.018 
3.29 6.67 -1.07 
3.1 6.54 -1.018 
3.1 7.18 -1.018 
2.96 6.27 -0.96 
3.1 6.27 -0.96 
2.96 7.48 -0.96 
3.1 7.48 -0.96 
3.62 6.27 -0.96 
3.76 6.27 -0.96 
3.62 7.48 -0.96 
3.76 7.48 -0.96 
3.3743 7.0137 -1.016 
3.3935 6.7893 -1.016 
3.4079 6.621 -1.016 
3.3939 6.57 -1.016 
3.3599 6.539 -1.0709 
-3.0678 5.9446 -0.9555 
-2.9916 5.9446 -0.9555 
-2.9916 5.9446 -0.88514 
-3.0678 5.9446 -0.88514 
-3.0678 7.6718 -0.88514 
-3.0678 7.6718 -0.9555 
-3.068 7.48 -0.958 
-3.068 6.27 -0.958 
-2.9916 7.6718 -0.88514 
-2.9916 7.6718 -0.9555 
-2.992 6.27 -0.958 
-2.992 7.48 -0.958 
-3.7282 5.9446 -0.88514 
-3.7282 5.9446 -0.9555 
-3.652 5.9446 -0.9555 
-3.652 5.9446 -0.88514 
-3.7282 7.6718 -0.88514 
-3.7282 7.6718 -0.9555 
-3.728 7.48 -0.958 
-3.728 6.27 -0.958 
-3.652 7.6718 -0.88514 
-3.652 7.6718 -0.9555 
-3.652 6.27 -0.958 
-3.652 7.48 -0.958 
-3.068 6.56 -1.019 
-3.068 6.67 -1.019 
-3.29 6.67 -1.02 
-3.29 6.56 -1.02 
-3.43 6.67 -1.02 
-3.652 6.67 -1.019 
-3.652 6.56 -1.019 
-3.43 6.56 -1.02 
-3.3599 7.182 -1.0724 
-3.43 7.06 -1.07 
-3.43 7.06 -1.02 
-3.29 7.06 -1.07 
-3.29 7.06 -1.02 
-3.43 6.67 -1.07 
-3.76 6.67 -1.07 
-3.76 6.67 -1.02 
-3.62 7.18 -1.018 
-3.62 6.54 -1.018 
-3.76 6.56 -1.07 
-3.76 6.56 -1.02 
-3.76 7.18 -1.018 
-3.76 6.54 -1.018 
-3.29 6.56 -1.07 
-2.96 6.56 -1.07 
-2.96 6.56 -1.02 
-3.43 6.56 -1.07 
-2.96 6.67 -1.07 
-2.96 6.67 -1.02 
-2.96 7.18 -1.018 
-2.96 6.54 -1.018 
-3.29 6.67 -1.07 
-3.1 7.18 -1.018 
-3.1 6.54 -1.018 
-3.1 6.27 -0.96 
-2.96 6.27 -0.96 
-2.96 7.48 -0.96 
-3.1 7.48 -0.96 
-3.76 6.27 -0.96 
-3.62 6.27 -0.96 
-3.62 7.48 -0.96 
-3.76 7.48 -0.96 
-3.3743 7.0137 -1.016 
-3.3935 6.7893 -1.016 
-3.4079 6.621 -1.016 
-3.3939 6.57 -1.016 
-3.3599 6.539 -1.0709 
1.8172 6.3921 0.19297 
2.4356 6.4619 0.016609 
3.3939 6.57 -0.2567 
1.8178 6.5243 0.15981 
2.4356 6.5619 -0.0085309 
3.4079 6.621 -0.2735 
1.8182 6.9087 0.0033977 
2.4354 6.8619 -0.12889 
3.3935 6.7893 -0.33424 
1.8181 7.1049 -0.076393 
2.4359 7.0687 -0.2109 
3.3743 7.0137 -0.41521 
3.3939 6.57 -0.29466 
3.3939 6.57 -1.0016 
3.4079 6.621 -0.31062 
3.4079 6.621 -1.0019 
3.3935 6.7893 -0.36832 
3.3743 7.0137 -0.44525 
3.3935 6.7893 -1.003 
3.3743 7.0137 -1.0046 
-1.8172 6.3921 0.19297 
-2.4356 6.4619 0.016609 
-3.3939 6.57 -0.2567 
-1.8178 6.5243 0.15981 
-2.4356 6.5619 -0.0085309 
-3.4079 6.621 -0.2735 
-1.8182 6.9087 0.0033977 
-2.4354 6.8619 -0.12889 
-3.3935 6.7893 -0.33424 
-1.8181 7.1049 -0.076393 
-2.4359 7.0687 -0.2109 
-3.3743 7.0137 -0.41521 
-3.3939 6.57 -0.29466 
-3.3939 6.57 -1.0016 
-3.4079 6.621 -0.31062 
-3.4079 6.621 -1.0019 
-3.3935 6.7893 -0.36832 
-3.3743 7.0137 -0.44525 
-3.3935 6.7893 -1.003 
-3.3743 7.0137 -1.0046 
1.8179 6.096 -0.14016 
1.8517 6.24 -0.14016 
1.8659 6.588 -0.14016 
1.8517 6.24 -0.33701 
1.8659 6.588 -0.33701 
1.8179 6.096 -0.41575 
1.7841 6.24 -0.14016 
1.7841 6.24 -0.33701 
1.7699 6.588 -0.14016 
1.7699 6.588 -0.33701 
1.8659 6.972 -0.23617 
1.8659 6.972 -0.33701 
1.8418 7.3162 -0.33701 
1.8179 7.6561 -0.044148 
1.8285 7.5048 -0.36943 
1.8179 7.6319 -0.42845 
1.7965 7.5048 -0.36943 
1.7699 7.3162 -0.33701 
1.7699 6.972 -0.23617 
1.7699 6.972 -0.33701 
-1.8179 6.096 -0.14016 
-1.8517 6.24 -0.14016 
-1.8659 6.588 -0.14016 
-1.8659 6.588 -0.33701 
-1.8517 6.24 -0.33701 
-1.8179 6.096 -0.41575 
-1.7841 6.24 -0.33701 
-1.7841 6.24 -0.14016 
-1.7699 6.588 -0.33701 
-1.7699 6.588 -0.14016 
-1.8659 6.972 -0.23617 
-1.8659 6.972 -0.33701 
-1.8418 7.3162 -0.33701 
-1.8179 7.6561 -0.044148 
-1.8285 7.5048 -0.36943 
-1.8179 7.6319 -0.42845 
-1.7965 7.5048 -0.36943 
-1.7699 7.3162 -0.33701 
-1.7699 6.972 -0.23617 
-1.7699 6.972 -0.33701 
2.4361 6.096 -0.33193 
2.4699 6.24 -0.33193 
2.4841 6.588 -0.33193 
2.4699 6.24 -0.52878 
2.4841 6.588 -0.52878 
2.4361 6.096 -0.60752 
2.4023 6.24 -0.33193 
2.4023 6.24 -0.52878 
2.3881 6.588 -0.33193 
2.3881 6.588 -0.52878 
2.4841 6.972 -0.42794 
2.4841 6.972 -0.52878 
2.46 7.3162 -0.52878 
2.3881 6.972 -0.42794 
2.4122 7.3162 -0.52878 
2.3881 6.972 -0.52878 
2.4361 7.6561 -0.23592 
2.4466 7.5065 -0.5615 
2.4361 7.6319 -0.62022 
2.4256 7.5065 -0.5615 
-2.4361 6.096 -0.33193 
-2.4699 6.24 -0.33193 
-2.4841 6.588 -0.33193 
-2.4841 6.588 -0.52878 
-2.4699 6.24 -0.52878 
-2.4361 6.096 -0.60752 
-2.4023 6.24 -0.52878 
-2.4023 6.24 -0.33193 
-2.3881 6.588 -0.52878 
-2.3881 6.588 -0.33193 
-2.4841 6.972 -0.42794 
-2.4841 6.972 -0.52878 
-2.46 7.3162 -0.52878 
-2.3881 6.972 -0.42794 
-2.3881 6.972 -0.52878 
-2.4122 7.3162 -0.52878 
-2.4361 7.6561 -0.23592 
-2.4361 7.6319 -0.62022 
-2.4466 7.5065 -0.5615 
-2.4256 7.5065 -0.5615 
1.8654 5.808 -0.51379 
1.9469 6.348 -0.37257 
1.8179 5.808 -0.50109 
1.9002 5.808 -0.54859 
2.0414 6.348 -0.46706 
1.9129 5.808 -0.59609 
2.0759 6.348 -0.59609 
1.9002 5.808 -0.64359 
2.0414 6.348 -0.72512 
1.8654 5.808 -0.67839 
1.9469 6.348 -0.81961 
1.8179 5.808 -0.69109 
1.8179 6.348 -0.85415 
1.7704 5.808 -0.67839 
1.6888 6.348 -0.81961 
1.7356 5.808 -0.64359 
1.5944 6.348 -0.72512 
1.7229 5.808 -0.59609 
1.5598 6.348 -0.59609 
1.7356 5.808 -0.54859 
1.5944 6.348 -0.46706 
1.7704 5.808 -0.51379 
1.6888 6.348 -0.37257 
1.9469 7.1638 -0.37257 
1.9398 7.367 -0.38502 
2.0414 7.1638 -0.46706 
2.029 7.367 -0.47417 
2.0759 7.1638 -0.59609 
2.0617 7.367 -0.59609 
2.0414 7.1638 -0.72512 
2.029 7.367 -0.71801 
1.9469 7.1638 -0.81961 
1.9398 7.367 -0.80716 
1.8179 7.1638 -0.85415 
1.8179 7.367 -0.83993 
1.6888 7.1638 -0.81961 
1.696 7.367 -0.80716 
1.5944 7.1638 -0.72512 
1.6068 7.367 -0.71801 
1.5598 7.1638 -0.59609 
1.574 7.367 -0.59609 
1.5944 7.1638 -0.46706 
1.6068 7.367 -0.47417 
1.6888 7.1638 -0.37257 
1.696 7.367 -0.38502 
1.9258 7.5067 -0.40915 
2.0048 7.5067 -0.48814 
2.0338 7.5067 -0.59609 
2.0048 7.5067 -0.70404 
1.9258 7.5067 -0.78303 
1.8179 7.5067 -0.81199 
1.7099 7.5067 -0.78303 
1.6309 7.5067 -0.70404 
1.602 7.5067 -0.59609 
1.6309 7.5067 -0.48814 
1.7099 7.5067 -0.40915 
1.9017 7.6319 -0.4508 
1.9632 7.6319 -0.51227 
1.9855 7.6319 -0.59609 
1.9632 7.6319 -0.67991 
1.9017 7.6319 -0.74138 
1.8179 7.6319 -0.76373 
1.7341 7.6319 -0.74138 
1.6726 7.6319 -0.67991 
1.6502 7.6319 -0.59609 
1.6726 7.6319 -0.51227 
1.7341 7.6319 -0.4508 
1.8179 5.5439 -0.59609 
-1.8179 5.808 -0.50109 
-1.9469 6.348 -0.37257 
-1.8654 5.808 -0.51379 
-2.0414 6.348 -0.46706 
-1.9002 5.808 -0.54859 
-2.0759 6.348 -0.59609 
-1.9129 5.808 -0.59609 
-2.0414 6.348 -0.72512 
-1.9002 5.808 -0.64359 
-1.9469 6.348 -0.81961 
-1.8654 5.808 -0.67839 
-1.8179 6.348 -0.85415 
-1.8179 5.808 -0.69109 
-1.6888 6.348 -0.81961 
-1.7704 5.808 -0.67839 
-1.5944 6.348 -0.72512 
-1.7356 5.808 -0.64359 
-1.5598 6.348 -0.59609 
-1.7229 5.808 -0.59609 
-1.5944 6.348 -0.46706 
-1.7356 5.808 -0.54859 
-1.6888 6.348 -0.37257 
-1.7704 5.808 -0.51379 
-1.9398 7.367 -0.38502 
-1.9469 7.1638 -0.37257 
-2.029 7.367 -0.47417 
-2.0414 7.1638 -0.46706 
-2.0617 7.367 -0.59609 
-2.0759 7.1638 -0.59609 
-2.029 7.367 -0.71801 
-2.0414 7.1638 -0.72512 
-1.9398 7.367 -0.80716 
-1.9469 7.1638 -0.81961 
-1.8179 7.367 -0.83993 
-1.8179 7.1638 -0.85415 
-1.696 7.367 -0.80716 
-1.6888 7.1638 -0.81961 
-1.6068 7.367 -0.71801 
-1.5944 7.1638 -0.72512 
-1.574 7.367 -0.59609 
-1.5598 7.1638 -0.59609 
-1.6068 7.367 -0.47417 
-1.5944 7.1638 -0.46706 
-1.696 7.367 -0.38502 
-1.6888 7.1638 -0.37257 
-1.9258 7.5067 -0.40915 
-2.0048 7.5067 -0.48814 
-2.0338 7.5067 -0.59609 
-2.0048 7.5067 -0.70404 
-1.9258 7.5067 -0.78303 
-1.8179 7.5067 -0.81199 
-1.7099 7.5067 -0.78303 
-1.6309 7.5067 -0.70404 
-1.602 7.5067 -0.59609 
-1.6309 7.5067 -0.48814 
-1.7099 7.5067 -0.40915 
-1.9017 7.6319 -0.4508 
-1.9632 7.6319 -0.51227 
-1.9855 7.6319 -0.59609 
-1.9632 7.6319 -0.67991 
-1.9017 7.6319 -0.74138 
-1.8179 7.6319 -0.76373 
-1.7341 7.6319 -0.74138 
-1.6726 7.6319 -0.67991 
-1.6502 7.6319 -0.59609 
-1.6726 7.6319 -0.51227 
-1.7341 7.6319 -0.4508 
-1.8179 5.5439 -0.59609 
2.4361 5.544 -0.78786 
2.4361 5.808 -0.88286 
2.4836 5.808 -0.87016 
2.3886 5.808 -0.87016 
2.3538 5.808 -0.83536 
2.3411 5.808 -0.78786 
2.3538 5.808 -0.74036 
2.3886 5.808 -0.70556 
2.4361 5.808 -0.69286 
2.4836 5.808 -0.70556 
2.5184 5.808 -0.74036 
2.5311 5.808 -0.78786 
2.5184 5.808 -0.83536 
2.5651 6.348 -0.56434 
2.6596 6.348 -0.65883 
2.6942 6.348 -0.78786 
2.6596 6.348 -0.91689 
2.5651 6.348 -1.0114 
2.4361 6.348 -1.0459 
2.3071 6.348 -1.0114 
2.2126 6.348 -0.91689 
2.178 6.348 -0.78786 
2.2126 6.348 -0.65883 
2.3071 6.348 -0.56434 
2.5651 7.1638 -0.56434 
2.558 7.367 -0.57679 
2.6596 7.1638 -0.65883 
2.6472 7.367 -0.66594 
2.6942 7.1638 -0.78786 
2.68 7.367 -0.78786 
2.6596 7.1638 -0.91689 
2.6472 7.367 -0.90978 
2.5651 7.1638 -1.0114 
2.558 7.367 -0.99893 
2.4361 7.1638 -1.0459 
2.4361 7.367 -1.0317 
2.3071 7.1638 -1.0114 
2.3142 7.367 -0.99893 
2.2126 7.1638 -0.91689 
2.225 7.367 -0.90978 
2.178 7.1638 -0.78786 
2.1923 7.367 -0.78786 
2.2126 7.1638 -0.65883 
2.225 7.367 -0.66594 
2.3071 7.1638 -0.56434 
2.3142 7.367 -0.57679 
2.5441 7.5067 -0.60092 
2.6231 7.5067 -0.67991 
2.652 7.5067 -0.78786 
2.6231 7.5067 -0.89581 
2.5441 7.5067 -0.9748 
2.4361 7.5067 -1.0038 
2.3282 7.5067 -0.9748 
2.2492 7.5067 -0.89581 
2.2202 7.5067 -0.78786 
2.2492 7.5067 -0.67991 
2.3282 7.5067 -0.60092 
2.5199 7.6319 -0.64257 
2.5814 7.6319 -0.70404 
2.6038 7.6319 -0.78786 
2.5814 7.6319 -0.87168 
2.5199 7.6319 -0.93315 
2.4361 7.6319 -0.9555 
2.3523 7.6319 -0.93315 
2.2908 7.6319 -0.87168 
2.2685 7.6319 -0.78786 
2.2908 7.6319 -0.70404 
2.3523 7.6319 -0.64257 
-2.4836 5.808 -0.87016 
-2.4361 5.808 -0.88286 
-2.4361 5.544 -0.78786 
-2.3886 5.808 -0.87016 
-2.3538 5.808 -0.83536 
-2.3411 5.808 -0.78786 
-2.3538 5.808 -0.74036 
-2.3886 5.808 -0.70556 
-2.4361 5.808 -0.69286 
-2.4836 5.808 -0.70556 
-2.5184 5.808 -0.74036 
-2.5311 5.808 -0.78786 
-2.5184 5.808 -0.83536 
-2.5651 6.348 -0.56434 
-2.6596 6.348 -0.65883 
-2.6942 6.348 -0.78786 
-2.6596 6.348 -0.91689 
-2.5651 6.348 -1.0114 
-2.4361 6.348 -1.0459 
-2.3071 6.348 -1.0114 
-2.2126 6.348 -0.91689 
-2.178 6.348 -0.78786 
-2.2126 6.348 -0.65883 
-2.3071 6.348 -0.56434 
-2.558 7.367 -0.57679 
-2.5651 7.1638 -0.56434 
-2.6472 7.367 -0.66594 
-2.6596 7.1638 -0.65883 
-2.68 7.367 -0.78786 
-2.6942 7.1638 -0.78786 
-2.6472 7.367 -0.90978 
-2.6596 7.1638 -0.91689 
-2.558 7.367 -0.99893 
-2.5651 7.1638 -1.0114 
-2.4361 7.367 -1.0317 
-2.4361 7.1638 -1.0459 
-2.3142 7.367 -0.99893 
-2.3071 7.1638 -1.0114 
-2.225 7.367 -0.90978 
-2.2126 7.1638 -0.91689 
-2.1923 7.367 -0.78786 
-2.178 7.1638 -0.78786 
-2.225 7.367 -0.66594 
-2.2126 7.1638 -0.65883 
-2.3142 7.367 -0.57679 
-2.3071 7.1638 -0.56434 
-2.5441 7.5067 -0.60092 
-2.6231 7.5067 -0.67991 
-2.652 7.5067 -0.78786 
-2.6231 7.5067 -0.89581 
-2.5441 7.5067 -0.9748 
-2.4361 7.5067 -1.0038 
-2.3282 7.5067 -0.9748 
-2.2492 7.5067 -0.89581 
-2.2202 7.5067 -0.78786 
-2.2492 7.5067 -0.67991 
-2.3282 7.5067 -0.60092 
-2.5199 7.6319 -0.64257 
-2.5814 7.6319 -0.70404 
-2.6038 7.6319 -0.78786 
-2.5814 7.6319 -0.87168 
-2.5199 7.6319 -0.93315 
-2.4361 7.6319 -0.9555 
-2.3523 7.6319 -0.93315 
-2.2908 7.6319 -0.87168 
-2.2685 7.6319 -0.78786 
-2.2908 7.6319 -0.70404 
-2.3523 7.6319 -0.64257 
3.7236 6.4508 -0.88819 
3.6901 6.4508 -0.89708 
3.6901 6.4708 -0.89708 
3.7236 6.4708 -0.88819 
3.6566 6.4508 -0.88819 
3.6566 6.4708 -0.88819 
3.6319 6.4508 -0.86355 
3.6319 6.4708 -0.86355 
3.6231 6.4508 -0.83002 
3.6231 6.4708 -0.83002 
3.6319 6.4508 -0.7965 
3.6319 6.4708 -0.7965 
3.6566 6.4508 -0.77186 
3.6566 6.4708 -0.77186 
3.6901 6.4508 -0.76297 
3.6901 6.4708 -0.76297 
3.7236 6.4508 -0.77186 
3.7236 6.4708 -0.77186 
3.7483 6.4508 -0.7965 
3.7483 6.4708 -0.7965 
3.7572 6.4508 -0.83002 
3.7572 6.4708 -0.83002 
3.7483 6.4508 -0.86355 
3.7483 6.4708 -0.86355 
3.6902 6.4 -0.83002 
-3.7236 6.4708 -0.88819 
-3.6901 6.4708 -0.89708 
-3.6901 6.4508 -0.89708 
-3.7236 6.4508 -0.88819 
-3.6566 6.4708 -0.88819 
-3.6566 6.4508 -0.88819 
-3.6319 6.4708 -0.86355 
-3.6319 6.4508 -0.86355 
-3.6231 6.4708 -0.83002 
-3.6231 6.4508 -0.83002 
-3.6319 6.4708 -0.7965 
-3.6319 6.4508 -0.7965 
-3.6566 6.4708 -0.77186 
-3.6566 6.4508 -0.77186 
-3.6901 6.4708 -0.76297 
-3.6901 6.4508 -0.76297 
-3.7236 6.4708 -0.77186 
-3.7236 6.4508 -0.77186 
-3.7483 6.4708 -0.7965 
-3.7483 6.4508 -0.7965 
-3.7572 6.4708 -0.83002 
-3.7572 6.4508 -0.83002 
-3.7483 6.4708 -0.86355 
-3.7483 6.4508 -0.86355 
-3.6902 6.4 -0.83002 
3.6901 6.8509 -0.89708 
3.7236 6.8509 -0.88819 
3.6566 6.8509 -0.88819 
3.6319 6.8509 -0.86355 
3.6231 6.8509 -0.83002 
3.6319 6.8509 -0.7965 
3.6566 6.8509 -0.77186 
3.6901 6.8509 -0.76297 
3.7236 6.8509 -0.77186 
3.7483 6.8509 -0.7965 
3.7572 6.8509 -0.83002 
3.7483 6.8509 -0.86355 
3.6901 7.401 -0.89708 
3.7236 7.401 -0.88819 
3.6566 7.401 -0.88819 
3.6455 7.159 -0.8771 
3.6455 7.3735 -0.8771 
3.643 7.159 -0.87464 
3.6319 7.401 -0.86355 
3.643 7.3735 -0.87464 
3.5105 7.2146 -1.0096 
3.5173 7.2118 -1.003 
3.5171 7.2118 -1.0029 
3.6428 7.1601 -0.87975 
3.6403 7.1601 -0.87734 
3.5171 7.3625 -1.0029 
3.5105 7.3619 -1.0096 
3.6403 7.3733 -0.87734 
3.5173 7.3625 -1.003 
3.6428 7.3733 -0.87975 
3.6231 7.401 -0.83002 
3.6319 7.401 -0.7965 
3.643 7.159 -0.78541 
3.643 7.3735 -0.78541 
3.6455 7.159 -0.78295 
3.6566 7.401 -0.77186 
3.6455 7.3735 -0.78295 
3.5105 7.2146 -0.65045 
3.5171 7.2118 -0.6572 
3.5173 7.2118 -0.65707 
3.6403 7.1601 -0.78271 
3.6428 7.1601 -0.7803 
3.5173 7.3625 -0.65707 
3.5105 7.3619 -0.65045 
3.6428 7.3733 -0.7803 
3.5171 7.3625 -0.6572 
3.6403 7.3733 -0.78271 
3.6901 7.401 -0.76297 
3.7236 7.401 -0.77186 
3.7483 7.401 -0.7965 
3.7372 7.3735 -0.78541 
3.7372 7.159 -0.78541 
3.7347 7.3735 -0.78295 
3.7347 7.159 -0.78295 
3.7399 7.3733 -0.78271 
3.7399 7.1601 -0.78271 
3.8631 7.3625 -0.6572 
3.8631 7.2118 -0.6572 
3.8697 7.3619 -0.65045 
3.8697 7.2146 -0.65045 
3.8629 7.3625 -0.65707 
3.7374 7.3733 -0.7803 
3.8629 7.2118 -0.65707 
3.7374 7.1601 -0.7803 
3.7572 7.401 -0.83002 
3.7483 7.401 -0.86355 
3.7347 7.3735 -0.8771 
3.7347 7.159 -0.8771 
3.7372 7.3735 -0.87464 
3.7372 7.159 -0.87464 
3.7374 7.1601 -0.87975 
3.7399 7.1601 -0.87734 
3.8629 7.2118 -1.003 
3.8631 7.2118 -1.0029 
3.8697 7.2146 -1.0096 
3.8697 7.3619 -1.0096 
3.8631 7.3625 -1.0029 
3.7399 7.3733 -0.87734 
3.8629 7.3625 -1.003 
3.7374 7.3733 -0.87975 
3.6901 7.5575 -0.89708 
3.7236 7.5575 -0.88819 
3.6566 7.5575 -0.88819 
3.6319 7.5575 -0.86355 
3.6231 7.5575 -0.83002 
3.6319 7.5575 -0.7965 
3.6566 7.5575 -0.77186 
3.6901 7.5575 -0.76297 
3.7236 7.5575 -0.77186 
3.7483 7.5575 -0.7965 
3.7572 7.5575 -0.83002 
3.7483 7.5575 -0.86355 
-3.7236 6.8509 -0.88819 
-3.6901 6.8509 -0.89708 
-3.6566 6.8509 -0.88819 
-3.6319 6.8509 -0.86355 
-3.6231 6.8509 -0.83002 
-3.6319 6.8509 -0.7965 
-3.6566 6.8509 -0.77186 
-3.6901 6.8509 -0.76297 
-3.7236 6.8509 -0.77186 
-3.7483 6.8509 -0.7965 
-3.7572 6.8509 -0.83002 
-3.7483 6.8509 -0.86355 
-3.7236 7.401 -0.88819 
-3.6901 7.401 -0.89708 
-3.6566 7.401 -0.88819 
-3.6455 7.3735 -0.8771 
-3.6455 7.159 -0.8771 
-3.643 7.159 -0.87464 
-3.643 7.3735 -0.87464 
-3.6319 7.401 -0.86355 
-3.5171 7.2118 -1.0029 
-3.5173 7.2118 -1.003 
-3.5105 7.2146 -1.0096 
-3.6403 7.1601 -0.87734 
-3.6428 7.1601 -0.87975 
-3.5105 7.3619 -1.0096 
-3.5171 7.3625 -1.0029 
-3.6403 7.3733 -0.87734 
-3.5173 7.3625 -1.003 
-3.6428 7.3733 -0.87975 
-3.6231 7.401 -0.83002 
-3.6319 7.401 -0.7965 
-3.643 7.3735 -0.78541 
-3.643 7.159 -0.78541 
-3.6455 7.159 -0.78295 
-3.6455 7.3735 -0.78295 
-3.6566 7.401 -0.77186 
-3.5173 7.2118 -0.65707 
-3.5171 7.2118 -0.6572 
-3.5105 7.2146 -0.65045 
-3.6428 7.1601 -0.7803 
-3.6403 7.1601 -0.78271 
-3.5105 7.3619 -0.65045 
-3.5173 7.3625 -0.65707 
-3.6428 7.3733 -0.7803 
-3.5171 7.3625 -0.6572 
-3.6403 7.3733 -0.78271 
-3.6901 7.401 -0.76297 
-3.7236 7.401 -0.77186 
-3.7372 7.159 -0.78541 
-3.7372 7.3735 -0.78541 
-3.7483 7.401 -0.7965 
-3.7347 7.3735 -0.78295 
-3.7347 7.159 -0.78295 
-3.7399 7.1601 -0.78271 
-3.7399 7.3733 -0.78271 
-3.8631 7.2118 -0.6572 
-3.8631 7.3625 -0.6572 
-3.8697 7.2146 -0.65045 
-3.8697 7.3619 -0.65045 
-3.8629 7.3625 -0.65707 
-3.7374 7.3733 -0.7803 
-3.8629 7.2118 -0.65707 
-3.7374 7.1601 -0.7803 
-3.7572 7.401 -0.83002 
-3.7483 7.401 -0.86355 
-3.7347 7.159 -0.8771 
-3.7347 7.3735 -0.8771 
-3.7372 7.3735 -0.87464 
-3.7372 7.159 -0.87464 
-3.7399 7.1601 -0.87734 
-3.7374 7.1601 -0.87975 
-3.8631 7.2118 -1.0029 
-3.8629 7.2118 -1.003 
-3.8697 7.2146 -1.0096 
-3.8631 7.3625 -1.0029 
-3.8697 7.3619 -1.0096 
-3.7399 7.3733 -0.87734 
-3.8629 7.3625 -1.003 
-3.7374 7.3733 -0.87975 
-3.7236 7.5575 -0.88819 
-3.6901 7.5575 -0.89708 
-3.6566 7.5575 -0.88819 
-3.6319 7.5575 -0.86355 
-3.6231 7.5575 -0.83002 
-3.6319 7.5575 -0.7965 
-3.6566 7.5575 -0.77186 
-3.6901 7.5575 -0.76297 
-3.7236 7.5575 -0.77186 
-3.7483 7.5575 -0.7965 
-3.7572 7.5575 -0.83002 
-3.7483 7.5575 -0.86355 
3.7236 7.621 -0.77186 
3.6901 7.621 -0.76297 
3.7483 7.621 -0.7965 
3.7572 7.621 -0.83002 
3.7483 7.621 -0.86355 
3.7236 7.621 -0.88819 
3.6901 7.621 -0.89708 
3.6566 7.621 -0.88819 
3.6319 7.621 -0.86355 
3.6231 7.621 -0.83002 
3.6319 7.621 -0.7965 
3.6566 7.621 -0.77186 
3.6902 7.6 -0.83002 
-3.6901 7.621 -0.76297 
-3.7236 7.621 -0.77186 
-3.7483 7.621 -0.7965 
-3.7572 7.621 -0.83002 
-3.7483 7.621 -0.86355 
-3.7236 7.621 -0.88819 
-3.6901 7.621 -0.89708 
-3.6566 7.621 -0.88819 
-3.6319 7.621 -0.86355 
-3.6231 7.621 -0.83002 
-3.6319 7.621 -0.7965 
-3.6566 7.621 -0.77186 
-3.6902 7.6 -0.83002 
3.0636 6.4508 -0.88819 
3.0301 6.4508 -0.89708 
3.0301 6.4708 -0.89708 
3.0636 6.4708 -0.88819 
2.9966 6.4508 -0.88819 
2.9966 6.4708 -0.88819 
2.9719 6.4508 -0.86355 
2.9719 6.4708 -0.86355 
2.9631 6.4508 -0.83002 
2.9631 6.4708 -0.83002 
2.9719 6.4508 -0.7965 
2.9719 6.4708 -0.7965 
2.9966 6.4508 -0.77186 
2.9966 6.4708 -0.77186 
3.0301 6.4508 -0.76297 
3.0301 6.4708 -0.76297 
3.0636 6.4508 -0.77186 
3.0636 6.4708 -0.77186 
3.0883 6.4508 -0.7965 
3.0883 6.4708 -0.7965 
3.0972 6.4508 -0.83002 
3.0972 6.4708 -0.83002 
3.0883 6.4508 -0.86355 
3.0883 6.4708 -0.86355 
3.0302 6.4 -0.83002 
-3.0636 6.4708 -0.88819 
-3.0301 6.4708 -0.89708 
-3.0301 6.4508 -0.89708 
-3.0636 6.4508 -0.88819 
-2.9966 6.4708 -0.88819 
-2.9966 6.4508 -0.88819 
-2.9719 6.4708 -0.86355 
-2.9719 6.4508 -0.86355 
-2.9631 6.4708 -0.83002 
-2.9631 6.4508 -0.83002 
-2.9719 6.4708 -0.7965 
-2.9719 6.4508 -0.7965 
-2.9966 6.4708 -0.77186 
-2.9966 6.4508 -0.77186 
-3.0301 6.4708 -0.76297 
-3.0301 6.4508 -0.76297 
-3.0636 6.4708 -0.77186 
-3.0636 6.4508 -0.77186 
-3.0883 6.4708 -0.7965 
-3.0883 6.4508 -0.7965 
-3.0972 6.4708 -0.83002 
-3.0972 6.4508 -0.83002 
-3.0883 6.4708 -0.86355 
-3.0883 6.4508 -0.86355 
-3.0302 6.4 -0.83002 
3.0301 6.8509 -0.89708 
3.0636 6.8509 -0.88819 
2.9966 6.8509 -0.88819 
2.9719 6.8509 -0.86355 
2.9631 6.8509 -0.83002 
2.9719 6.8509 -0.7965 
2.9966 6.8509 -0.77186 
3.0301 6.8509 -0.76297 
3.0636 6.8509 -0.77186 
3.0883 6.8509 -0.7965 
3.0972 6.8509 -0.83002 
3.0883 6.8509 -0.86355 
3.0301 7.401 -0.89708 
3.0636 7.401 -0.88819 
2.9966 7.401 -0.88819 
2.9855 7.159 -0.8771 
2.9855 7.3735 -0.8771 
2.983 7.159 -0.87464 
2.9719 7.401 -0.86355 
2.983 7.3735 -0.87464 
2.8505 7.2146 -1.0096 
2.8573 7.2118 -1.003 
2.8571 7.2118 -1.0029 
2.9828 7.1601 -0.87975 
2.9803 7.1601 -0.87734 
2.8571 7.3625 -1.0029 
2.8505 7.3619 -1.0096 
2.9803 7.3733 -0.87734 
2.8573 7.3625 -1.003 
2.9828 7.3733 -0.87975 
2.9631 7.401 -0.83002 
2.9719 7.401 -0.7965 
2.983 7.159 -0.78541 
2.983 7.3735 -0.78541 
2.9855 7.159 -0.78295 
2.9966 7.401 -0.77186 
2.9855 7.3735 -0.78295 
2.8505 7.2146 -0.65045 
2.8571 7.2118 -0.6572 
2.8573 7.2118 -0.65707 
2.9803 7.1601 -0.78271 
2.9828 7.1601 -0.7803 
2.8573 7.3625 -0.65707 
2.8505 7.3619 -0.65045 
2.9828 7.3733 -0.7803 
2.8571 7.3625 -0.6572 
2.9803 7.3733 -0.78271 
3.0301 7.401 -0.76297 
3.0636 7.401 -0.77186 
3.0883 7.401 -0.7965 
3.0772 7.3735 -0.78541 
3.0772 7.159 -0.78541 
3.0747 7.3735 -0.78295 
3.0747 7.159 -0.78295 
3.0799 7.3733 -0.78271 
3.0799 7.1601 -0.78271 
3.2031 7.3625 -0.6572 
3.2031 7.2118 -0.6572 
3.2097 7.3619 -0.65045 
3.2097 7.2146 -0.65045 
3.2029 7.3625 -0.65707 
3.0774 7.3733 -0.7803 
3.2029 7.2118 -0.65707 
3.0774 7.1601 -0.7803 
3.0972 7.401 -0.83002 
3.0883 7.401 -0.86355 
3.0747 7.3735 -0.8771 
3.0747 7.159 -0.8771 
3.0772 7.3735 -0.87464 
3.0772 7.159 -0.87464 
3.0774 7.1601 -0.87975 
3.0799 7.1601 -0.87734 
3.2029 7.2118 -1.003 
3.2031 7.2118 -1.0029 
3.2097 7.2146 -1.0096 
3.2097 7.3619 -1.0096 
3.2031 7.3625 -1.0029 
3.0799 7.3733 -0.87734 
3.2029 7.3625 -1.003 
3.0774 7.3733 -0.87975 
3.0301 7.5575 -0.89708 
3.0636 7.5575 -0.88819 
2.9966 7.5575 -0.88819 
2.9719 7.5575 -0.86355 
2.9631 7.5575 -0.83002 
2.9719 7.5575 -0.7965 
2.9966 7.5575 -0.77186 
3.0301 7.5575 -0.76297 
3.0636 7.5575 -0.77186 
3.0883 7.5575 -0.7965 
3.0972 7.5575 -0.83002 
3.0883 7.5575 -0.86355 
-3.0636 6.8509 -0.88819 
-3.0301 6.8509 -0.89708 
-2.9966 6.8509 -0.88819 
-2.9719 6.8509 -0.86355 
-2.9631 6.8509 -0.83002 
-2.9719 6.8509 -0.7965 
-2.9966 6.8509 -0.77186 
-3.0301 6.8509 -0.76297 
-3.0636 6.8509 -0.77186 
-3.0883 6.8509 -0.7965 
-3.0972 6.8509 -0.83002 
-3.0883 6.8509 -0.86355 
-3.0636 7.401 -0.88819 
-3.0301 7.401 -0.89708 
-2.9966 7.401 -0.88819 
-2.9855 7.3735 -0.8771 
-2.9855 7.159 -0.8771 
-2.983 7.159 -0.87464 
-2.983 7.3735 -0.87464 
-2.9719 7.401 -0.86355 
-2.8571 7.2118 -1.0029 
-2.8573 7.2118 -1.003 
-2.8505 7.2146 -1.0096 
-2.9803 7.1601 -0.87734 
-2.9828 7.1601 -0.87975 
-2.8505 7.3619 -1.0096 
-2.8571 7.3625 -1.0029 
-2.9803 7.3733 -0.87734 
-2.8573 7.3625 -1.003 
-2.9828 7.3733 -0.87975 
-2.9631 7.401 -0.83002 
-2.9719 7.401 -0.7965 
-2.983 7.3735 -0.78541 
-2.983 7.159 -0.78541 
-2.9855 7.159 -0.78295 
-2.9855 7.3735 -0.78295 
-2.9966 7.401 -0.77186 
-2.8573 7.2118 -0.65707 
-2.8571 7.2118 -0.6572 
-2.8505 7.2146 -0.65045 
-2.9828 7.1601 -0.7803 
-2.9803 7.1601 -0.78271 
-2.8505 7.3619 -0.65045 
-2.8573 7.3625 -0.65707 
-2.9828 7.3733 -0.7803 
-2.8571 7.3625 -0.6572 
-2.9803 7.3733 -0.78271 
-3.0301 7.401 -0.76297 
-3.0636 7.401 -0.77186 
-3.0772 7.159 -0.78541 
-3.0772 7.3735 -0.78541 
-3.0883 7.401 -0.7965 
-3.0747 7.3735 -0.78295 
-3.0747 7.159 -0.78295 
-3.0799 7.1601 -0.78271 
-3.0799 7.3733 -0.78271 
-3.2031 7.2118 -0.6572 
-3.2031 7.3625 -0.6572 
-3.2097 7.2146 -0.65045 
-3.2097 7.3619 -0.65045 
-3.2029 7.3625 -0.65707 
-3.0774 7.3733 -0.7803 
-3.2029 7.2118 -0.65707 
-3.0774 7.1601 -0.7803 
-3.0972 7.401 -0.83002 
-3.0883 7.401 -0.86355 
-3.0747 7.159 -0.8771 
-3.0747 7.3735 -0.8771 
-3.0772 7.3735 -0.87464 
-3.0772 7.159 -0.87464 
-3.0799 7.1601 -0.87734 
-3.0774 7.1601 -0.87975 
-3.2031 7.2118 -1.0029 
-3.2029 7.2118 -1.003 
-3.2097 7.2146 -1.0096 
-3.2031 7.3625 -1.0029 
-3.2097 7.3619 -1.0096 
-3.0799 7.3733 -0.87734 
-3.2029 7.3625 -1.003 
-3.0774 7.3733 -0.87975 
-3.0636 7.5575 -0.88819 
-3.0301 7.5575 -0.89708 
-2.9966 7.5575 -0.88819 
-2.9719 7.5575 -0.86355 
-2.9631 7.5575 -0.83002 
-2.9719 7.5575 -0.7965 
-2.9966 7.5575 -0.77186 
-3.0301 7.5575 -0.76297 
-3.0636 7.5575 -0.77186 
-3.0883 7.5575 -0.7965 
-3.0972 7.5575 -0.83002 
-3.0883 7.5575 -0.86355 
3.0636 7.621 -0.77186 
3.0301 7.621 -0.76297 
3.0883 7.621 -0.7965 
3.0972 7.621 -0.83002 
3.0883 7.621 -0.86355 
3.0636 7.621 -0.88819 
3.0301 7.621 -0.89708 
2.9966 7.621 -0.88819 
2.9719 7.621 -0.86355 
2.9631 7.621 -0.83002 
2.9719 7.621 -0.7965 
2.9966 7.621 -0.77186 
3.0302 7.6 -0.83002 
-3.0301 7.621 -0.76297 
-3.0636 7.621 -0.77186 
-3.0883 7.621 -0.7965 
-3.0972 7.621 -0.83002 
-3.0883 7.621 -0.86355 
-3.0636 7.621 -0.88819 
-3.0301 7.621 -0.89708 
-2.9966 7.621 -0.88819 
-2.9719 7.621 -0.86355 
-2.9631 7.621 -0.83002 
-2.9719 7.621 -0.7965 
-2.9966 7.621 -0.77186 
-3.0302 7.6 -0.83002 
0.15596 5.583 1.6035 
0.089916 5.517 1.598 
-0.000127 5.507 1.596 
-0.09017 5.517 1.598 
-0.15596 5.583 1.6035 
-0.18009 5.672 1.6114 
-0.15596 5.762 1.6193 
-0.089916 5.828 1.6249 
0 5.852 1.6272 
0.09017 5.828 1.6249 
0.15596 5.762 1.6193 
0.18009 5.672 1.6114 
0 5.535 1.743 
-0.062992 5.552 1.743 
0.062992 5.552 1.743 
0.10922 5.598 1.743 
0.12598 5.661 1.743 
0.10922 5.723 1.743 
0.062992 5.769 1.743 
0 5.786 1.743 
-0.062992 5.769 1.743 
-0.10922 5.723 1.743 
-0.12598 5.661 1.743 
-0.10922 5.598 1.743 
-0.048006 4.6343 2.1641 
-0.20066 4.6148 2.1731 
-0.20066 4.6528 2.1765 
-0.048006 4.6723 2.1674 
-0.048006 -2.8805 1.5068 
-0.20066 -2.8622 1.5188 
-0.048006 -2.9185 1.5035 
-0.20066 -2.9002 1.5156 
-0.26391 4.5935 2.1969 
-0.26391 4.6315 2.2002 
-0.26391 -2.8455 1.5459 
-0.26391 -2.8835 1.5426 
0.048006 -2.8805 1.5068 
0.048006 -2.9185 1.5035 
0.048006 4.6343 2.1641 
0.048006 4.6723 2.1674 
0.26391 -2.8645 1.5442 
0.26391 -2.9025 1.5409 
0.26391 4.3311 2.1739 
0.26391 4.3674 2.1739 
-0.95216 5.3586 2.2276 
-1.0175 5.4965 2.2503 
-0.98128 5.5082 2.2513 
-0.91592 5.3703 2.2286 
-8.1268 3.0363 2.0244 
-8.1557 3.1857 2.048 
-8.163 3.0246 2.0234 
-8.1919 3.1739 2.047 
-1.0553 5.5483 2.2802 
-1.019 5.56 2.2812 
-8.1572 3.2494 2.079 
-8.1934 3.2377 2.078 
-8.0971 2.9451 2.0163 
-8.1333 2.9334 2.0153 
-0.92245 5.2677 2.2195 
-0.88621 5.2794 2.2205 
-8.0122 2.7434 2.0348 
-8.0484 2.7317 2.0338 
-1.1424 4.967 2.2294 
-1.1078 4.9782 2.2303 
-0.54055 6.4389 2.322 
-0.42806 6.5425 2.3419 
-0.40566 6.5118 2.3392 
-0.51816 6.4082 2.3193 
-4.9745 12.518 2.8538 
-4.8399 12.592 2.8711 
-4.9969 12.549 2.8565 
-4.8623 12.623 2.8737 
-0.38819 6.5927 2.3717 
-0.3658 6.562 2.369 
-4.7778 12.611 2.8985 
-4.8 12.642 2.901 
-5.0523 12.462 2.849 
-5.0747 12.493 2.8517 
-0.61803 6.3827 2.3172 
-0.59563 6.352 2.3145 
-5.2158 12.316 2.8726 
-5.2382 12.347 2.8753 
-0.97004 6.4959 2.3633 
-0.94865 6.4666 2.3608 
0.61803 6.3827 2.3172 
0.75291 6.3077 2.3214 
0.73052 6.2769 2.3187 
0.59563 6.352 2.3145 
5.0523 12.462 2.849 
5.1645 12.356 2.8505 
5.0747 12.493 2.8517 
5.1869 12.387 2.8532 
0.81518 6.2836 2.3448 
0.79278 6.2529 2.3421 
5.2046 12.301 2.8712 
5.227 12.332 2.8739 
4.9745 12.518 2.8538 
4.9969 12.549 2.8565 
0.54055 6.4389 2.322 
0.51816 6.4082 2.3193 
4.7886 12.627 2.8994 
4.811 12.658 2.9021 
0.54306 6.8051 2.3902 
0.52167 6.7757 2.3877 
0.92245 5.2677 2.2195 
0.89332 5.1163 2.217 
0.85708 5.128 2.218 
0.88621 5.2794 2.2205 
8.0971 2.9451 2.0163 
8.0318 2.8056 2.0148 
8.1333 2.9334 2.0153 
8.068 2.7939 2.0138 
0.89188 5.0482 2.2365 
0.85564 5.0599 2.2375 
7.9941 2.7493 2.0353 
8.0303 2.7376 2.0343 
8.1269 3.0363 2.0244 
8.1631 3.0246 2.0234 
0.95216 5.3586 2.2276 
0.91592 5.3703 2.2286 
8.1753 3.2436 2.0785 
8.2115 3.2318 2.0775 
1.3058 5.4671 2.2731 
1.2712 5.4783 2.274 
-0.20066 4.6102 2.2236 
-0.048006 4.628 2.2358 
-0.048006 4.666 2.2391 
-0.20066 4.6482 2.2269 
-0.20066 -2.8668 1.5696 
-0.048006 -2.8866 1.5781 
-0.20066 -2.9048 1.5663 
-0.048006 -2.9246 1.5748 
0.048006 -2.8866 1.5781 
0.048006 -2.9246 1.5748 
0.048006 4.628 2.2358 
0.048006 4.666 2.2391 
-1.0175 5.492 2.3008 
-0.95216 5.3523 2.299 
-0.91592 5.364 2.3 
-0.98128 5.5037 2.3018 
-8.1557 3.1813 2.0986 
-8.1268 3.03 2.0958 
-8.1919 3.1696 2.0976 
-8.163 3.0183 2.0948 
-8.0971 2.939 2.0879 
-8.1333 2.9273 2.0869 
-0.92245 5.2613 2.2911 
-0.88621 5.273 2.2921 
-0.42806 6.5382 2.3925 
-0.54055 6.4325 2.3936 
-0.51816 6.4018 2.3909 
-0.40566 6.5075 2.3898 
-4.8399 12.587 2.9215 
-4.9745 12.512 2.9255 
-4.8623 12.617 2.9242 
-4.9969 12.543 2.9282 
-5.0523 12.456 2.9206 
-5.0747 12.487 2.9233 
-0.61803 6.3764 2.3888 
-0.59563 6.3457 2.3861 
0.75291 6.303 2.3719 
0.61803 6.3764 2.3888 
0.59563 6.3457 2.3861 
0.73052 6.2723 2.3691 
5.1645 12.351 2.9009 
5.0523 12.456 2.9206 
5.1869 12.382 2.9037 
5.0747 12.487 2.9233 
4.9745 12.512 2.9255 
4.9969 12.543 2.9282 
0.54055 6.4325 2.3936 
0.51816 6.4018 2.3909 
0.89332 5.1117 2.2675 
0.92245 5.2613 2.2911 
0.88621 5.273 2.2921 
0.85708 5.1234 2.2685 
8.0318 2.8012 2.0656 
8.0971 2.939 2.0879 
8.068 2.7894 2.0646 
8.1333 2.9273 2.0869 
8.1269 3.03 2.0958 
8.1631 3.0183 2.0948 
0.95216 5.3523 2.299 
0.91592 5.364 2.3 
-0.097041 5.3457 1.9096 
-0.097041 5.3506 1.8563 
-0.099314 5.341 1.8497 
-0.099314 5.336 1.903 
-0.053848 5.53 2.0346 
-0.053848 5.534 1.9812 
-0.083566 5.3 1.8461 
-0.038875 5.3377 1.855 
-0.041148 5.328 1.8484 
0.004318 5.521 1.98 
-0.038875 5.3327 1.9083 
-0.041148 5.323 1.9017 
0.004318 5.517 2.0333 
-0.048514 5.293 1.8454 
-0.040907 5.2983 2.1872 
-0.077114 5.3066 2.188 
-0.075946 5.305 2.203 
-0.040894 5.297 2.2022 
-0.041135 5.3217 1.9167 
-0.098146 5.3344 1.918 
-0.083566 5.2712 2.1857 
-0.083566 5.27 2.1999 
-0.083566 5.2988 1.8603 
-0.048514 5.2918 1.8596 
-0.048514 5.2632 2.185 
-0.048514 5.262 2.1992 
0.071882 5.3743 2.1987 
0.071882 5.0737 2.1725 
-0.13208 5.3733 2.2167 
-0.13208 5.0727 2.1905 
-0.31469 5.6435 1.9357 
-0.31469 5.6485 1.8821 
-0.32512 5.648 1.8763 
-0.32512 5.643 1.9299 
-0.11659 5.653 2.0455 
-0.11659 5.658 1.9919 
-0.35865 5.62 1.8741 
-0.3091 5.5895 1.8771 
-0.31953 5.589 1.8713 
-0.111 5.599 1.9868 
-0.3091 5.5845 1.9307 
-0.31953 5.584 1.9249 
-0.111 5.594 2.0404 
-0.35535 5.585 1.871 
-0.31978 5.5593 2.2103 
-0.32319 5.5955 2.2135 
-0.32309 5.593 2.2284 
-0.31979 5.558 2.2253 
-0.31954 5.5827 1.9399 
-0.32502 5.6405 1.9448 
-0.35865 5.5912 2.2139 
-0.35865 5.59 2.2281 
-0.35865 5.6188 1.8883 
-0.35535 5.5838 1.8852 
-0.35535 5.5552 2.2109 
-0.35535 5.554 2.2251 
-0.21102 5.4758 2.2077 
-0.49815 5.3822 2.1996 
-0.27426 5.6669 2.2425 
-0.56115 5.5741 2.2344 
-0.097672 5.9419 1.9615 
-0.097672 5.9469 1.9082 
-0.10185 5.957 1.9033 
-0.10185 5.952 1.9566 
-0.003 5.751 2.0539 
-0.003 5.756 2.0006 
-0.13818 5.98 1.9053 
-0.15228 5.923 1.9061 
-0.15646 5.933 1.9012 
-0.058 5.742 1.9985 
-0.15228 5.918 1.9595 
-0.15646 5.928 1.9546 
-0.058 5.737 2.0519 
-0.1712 5.966 1.904 
-0.15671 5.9052 2.2403 
-0.12261 5.9197 2.2416 
-0.1237 5.918 2.2566 
-0.15672 5.904 2.2553 
-0.15647 5.9268 1.9696 
-0.10294 5.9503 1.9716 
-0.13818 5.9522 2.2452 
-0.13818 5.951 2.2594 
-0.13818 5.9788 1.9195 
-0.1712 5.9648 1.9182 
-0.1712 5.9382 2.2439 
-0.1712 5.937 2.2581 
-0.21468 6.1355 2.2836 
-0.037287 5.8925 2.2624 
-0.37978 6.0175 2.2551 
-0.20239 5.7745 2.2339 
0.25453 5.8286 1.9515 
0.25453 5.8335 1.8982 
0.26238 5.841 1.8931 
0.26238 5.836 1.9464 
0.10541 5.688 2.0483 
0.10541 5.692 1.995 
0.2733 5.882 1.8969 
0.21491 5.8776 1.9023 
0.22276 5.885 1.8972 
0.065786 5.737 1.999 
0.21491 5.8726 1.9556 
0.22276 5.88 1.9505 
0.065786 5.732 2.0524 
0.24943 5.909 1.8992 
0.22276 5.854 2.251 
0.22276 5.8553 2.236 
0.24742 5.8284 2.2336 
0.24663 5.828 2.2487 
0.22276 5.8787 1.9655 
0.26159 5.8356 1.9615 
0.2733 5.8522 2.2365 
0.2733 5.851 2.2507 
0.2733 5.8808 1.9111 
0.24943 5.9078 1.9134 
0.24943 5.8792 2.2388 
0.24943 5.878 2.253 
0.26344 6.1025 2.2625 
0.42854 5.9805 2.2699 
0.086055 5.8585 2.2413 
0.25116 5.7375 2.2486 
0.25488 5.4598 1.9195 
0.25488 5.4648 1.8662 
0.26391 5.46 1.8601 
0.26391 5.455 1.9134 
0.088 5.54 2.0364 
0.088 5.545 1.983 
0.30709 5.462 1.8601 
0.2851 5.5158 1.8708 
0.29413 5.511 1.8647 
0.125 5.596 1.9876 
0.2851 5.5108 1.9241 
0.29413 5.506 1.918 
0.125 5.591 2.0409 
0.32537 5.493 1.8626 
0.29438 5.4813 2.2032 
0.27549 5.4493 2.2006 
0.2761 5.449 2.2157 
0.29439 5.48 2.2182 
0.29414 5.5047 1.933 
0.26452 5.4547 1.9285 
0.30709 5.4322 2.1997 
0.30709 5.431 2.2139 
0.30709 5.4608 1.8743 
0.32537 5.4918 1.8768 
0.32537 5.4632 2.2023 
0.32537 5.462 2.2165 
0.25547 5.6119 2.2195 
0.5426 5.5191 2.2114 
0.19248 5.4169 2.2206 
0.4796 5.3241 2.2125 
-0.0492 4.6841 2.2538 
-0.0492 4.6931 2.1563 
-0.070688 5.0269 2.2997 
-0.070688 5.0379 2.1702 
-0.071882 5.046 2.3023 
-0.071882 5.057 2.171 
0.0492 4.6931 2.1563 
0.070688 5.0379 2.1702 
0.071882 5.057 2.171 
0.0492 4.6841 2.2538 
0.070688 5.0269 2.2997 
0.071882 5.046 2.3023 
-0.13208 5.047 2.2848 
-0.13208 5.056 2.189 
-0.13208 5.0637 2.2863 
-0.13208 5.3643 2.3125 
-0.13208 5.376 2.314 
-0.13208 5.385 2.2182 
0.071882 5.386 2.2002 
0.071882 5.0627 2.3038 
0.071882 5.3633 2.33 
0.071882 5.375 2.3315 
-0.89805 5.3699 2.3137 
-0.89805 5.3781 2.2164 
-0.57642 5.495 2.3407 
-0.57642 5.5068 2.2112 
-0.55855 5.502 2.3422 
-0.55855 5.514 2.2109 
-0.8676 5.2848 2.2081 
-0.53271 5.3721 2.1997 
-0.5141 5.377 2.1992 
-0.8676 5.2767 2.3056 
-0.53271 5.3613 2.3292 
-0.5141 5.366 2.3305 
-0.57709 5.561 2.3295 
-0.57709 5.569 2.234 
-0.56115 5.5661 2.33 
-0.27426 5.6589 2.3381 
-0.253 5.659 2.3386 
-0.253 5.667 2.2429 
-0.2 5.486 2.2081 
-0.49815 5.3712 2.3309 
-0.21102 5.4639 2.339 
-0.2 5.474 2.3394 
-0.50592 6.3861 2.4027 
-0.50592 6.3944 2.3052 
-0.28554 6.1189 2.3954 
-0.28554 6.1307 2.2659 
-0.2733 6.104 2.395 
-0.2733 6.116 2.2637 
-0.58533 6.3369 2.3003 
-0.39994 6.0471 2.2586 
-0.38964 6.031 2.2563 
-0.58533 6.3287 2.3976 
-0.39994 6.0363 2.3881 
-0.38964 6.02 2.3876 
-0.22454 6.141 2.3803 
-0.22454 6.149 2.2848 
-0.21468 6.1275 2.3791 
-0.037287 5.8845 2.3579 
-0.027432 5.871 2.3567 
-0.027432 5.879 2.2612 
-0.19253 5.761 2.2327 
-0.37978 6.0065 2.3864 
-0.20239 5.7635 2.3652 
-0.19253 5.75 2.364 
0.58533 6.3287 2.3976 
0.58533 6.3369 2.3003 
0.39994 6.0363 2.3881 
0.39994 6.0471 2.2586 
0.38964 6.02 2.3876 
0.38964 6.031 2.2563 
0.50592 6.3944 2.3052 
0.28554 6.1307 2.2659 
0.2733 6.116 2.2637 
0.50592 6.3861 2.4027 
0.28554 6.1189 2.3954 
0.2733 6.104 2.395 
0.4384 5.986 2.3668 
0.4384 5.994 2.2711 
0.42854 5.9725 2.3656 
0.25116 5.7295 2.3444 
0.236 5.721 2.3432 
0.236 5.729 2.2474 
0.081 5.85 2.2401 
0.26344 6.0905 2.3938 
0.086055 5.8475 2.3726 
0.081 5.839 2.3714 
0.8676 5.2767 2.3056 
0.8676 5.2848 2.2081 
0.53271 5.3613 2.3292 
0.53271 5.3721 2.1997 
0.5141 5.366 2.3305 
0.5141 5.377 2.1992 
0.89805 5.3781 2.2164 
0.57642 5.5068 2.2112 
0.55855 5.514 2.2109 
0.89805 5.3699 2.3137 
0.57642 5.495 2.3407 
0.55855 5.502 2.3422 
0.49555 5.31 2.3076 
0.49555 5.319 2.2121 
0.4796 5.3151 2.3081 
0.19248 5.4079 2.3163 
0.17653 5.413 2.3168 
0.17653 5.422 2.221 
0.23952 5.617 2.22 
0.5426 5.5071 2.3427 
0.25547 5.5999 2.3508 
0.23952 5.605 2.3513 
-0.05715 5.553 1.847 
-0.09906 5.594 1.847 
0 5.537 1.847 
0.05715 5.553 1.847 
0.09906 5.594 1.847 
0.1143 5.651 1.847 
0.09906 5.708 1.847 
0.05715 5.75 1.847 
0 5.765 1.847 
-0.05715 5.75 1.847 
-0.09906 5.708 1.847 
-0.1143 5.651 1.847 
-0.05715 5.541 1.9799 
0 5.5257 1.9799 
0.002159 5.519 2.0341 
-0.055499 5.533 2.0348 
0 5.521 2.035 
-0.05715 5.536 2.035 
0.002159 5.5233 1.98 
-0.055499 5.5375 1.9806 
0.05715 5.541 1.9799 
0.05715 5.536 2.035 
0.09906 5.5827 1.9799 
0.078105 5.5618 1.9799 
0.078105 5.557 2.035 
0.117 5.597 2.04 
0.088 5.547 2.038 
0.09906 5.578 2.035 
0.10668 5.606 2.035 
0.117 5.602 1.986 
0.107 5.611 1.98 
0.088 5.552 1.984 
0.1143 5.639 1.9799 
0.1143 5.634 2.035 
0.098501 5.6893 2.0531 
0.09906 5.6944 1.9974 
0.10223 5.6932 1.9962 
0.10196 5.6887 2.0507 
0.061285 5.7313 2.0548 
0.056784 5.7306 2.0571 
0.061468 5.7363 2.0029 
0.05715 5.7355 2.0068 
0 5.7526 1.9952 
0 5.748 2.05 
-0.05715 5.7376 1.9952 
-0.001 5.7543 1.9979 
-0.001 5.7495 2.0519 
-0.057 5.74 1.9968 
-0.057 5.735 2.051 
-0.05715 5.733 2.05 
-0.09906 5.691 2.035 
-0.10879 5.6585 1.9918 
-0.10375 5.5995 1.9861 
-0.11269 5.6583 1.9918 
-0.10738 5.5992 1.9865 
-0.11259 5.6529 2.0465 
-0.10859 5.6527 2.0474 
-0.10712 5.5939 2.042 
-0.10323 5.5938 2.0436 
-0.09906 5.578 2.035 
0 5.512 2.2017 
-0.054102 5.527 2.203 
0.053848 5.527 2.203 
0.093472 5.566 2.2063 
0.10795 5.62 2.2111 
0.093472 5.674 2.2159 
0.054102 5.713 2.2192 
0 5.727 2.2205 
-0.053848 5.713 2.2192 
-0.093472 5.674 2.2159 
-0.10795 5.62 2.2111 
-0.093472 5.566 2.2063 
-0.11405 5.423 2.1987 
-0.12307 5.4065 2.2084 
-0.12307 5.3955 2.3287 
-0.11405 5.41 2.3435 
0.070156 5.3888 2.337 
0.070156 5.4008 2.1989 
0.06843 5.4106 2.1977 
0.06843 5.3976 2.3425 
0 5.379 2.3409 
0 5.392 2.1961 
0.11405 5.423 2.1987 
0.11405 5.41 2.3435 
0.14529 5.4115 2.3302 
0.14529 5.4225 2.2098 
0.2338 5.618 2.2179 
0.2338 5.606 2.356 
0.22809 5.619 2.2159 
0.22809 5.607 2.3607 
0.19761 5.493 2.3508 
0.19761 5.506 2.206 
0.19761 5.733 2.2258 
0.19761 5.72 2.3706 
0.21681 5.7205 2.3569 
0.21681 5.731 2.2366 
0.097525 5.8215 2.3747 
0.11405 5.804 2.378 
0.097525 5.833 2.2366 
0.11405 5.816 2.2332 
0 5.847 2.2358 
0 5.834 2.3805 
-0.013716 5.863 2.2485 
-0.013716 5.8525 2.3686 
-0.11405 5.804 2.378 
-0.19507 5.735 2.3673 
-0.19761 5.72 2.3706 
-0.19507 5.747 2.2292 
-0.19761 5.733 2.2258 
-0.22809 5.619 2.2159 
-0.22809 5.607 2.3607 
-0.24055 5.643 2.2294 
-0.24055 5.633 2.3496 
-0.1988 5.4835 2.3451 
-0.19761 5.493 2.3508 
-0.1988 5.496 2.207 
-0.19761 5.506 2.206 
-0.0508 5.691 2.4047 
-0.0508 5.516 2.3884 
0 5.502 2.3871 
0 5.705 2.4059 
-0.087884 5.654 2.4011 
-0.087884 5.553 2.392 
-0.1016 5.603 2.3965 
0.0508 5.516 2.3884 
0.0508 5.691 2.4047 
0.087884 5.553 2.392 
0.087884 5.654 2.4011 
0.1016 5.603 2.3965 
-0.0508 5.519 2.3526 
0 5.506 2.3513 
0.0508 5.519 2.3526 
0.087884 5.556 2.3562 
0.1016 5.607 2.3607 
0.087884 5.657 2.3653 
0.0508 5.694 2.3689 
0 5.708 2.3701 
-0.0508 5.694 2.3689 
-0.087884 5.657 2.3653 
-0.1016 5.607 2.3607 
-0.087884 5.556 2.3562 
-0.11405 5.816 2.2332 
-0.11425 5.607 2.3607 
-0.098857 5.5497 2.3557 
-0.21544 5.607 2.3607 
-0.18664 5.4993 2.3513 
-0.057125 5.5081 2.3517 
-0.10773 5.4209 2.3444 
0 5.4933 2.3503 
0 5.3917 2.3419 
0.057125 5.5081 2.3517 
0.10773 5.4209 2.3444 
0.098857 5.5497 2.3557 
0.18664 5.4993 2.3513 
0.11425 5.607 2.3607 
0.21544 5.607 2.3607 
0.098857 5.6633 2.3658 
0.18664 5.7137 2.3701 
0.057125 5.705 2.3698 
0.10773 5.793 2.3771 
0 5.7206 2.3711 
0 5.8214 2.3795 
-0.057125 5.705 2.3698 
-0.10773 5.793 2.3771 
-0.098857 5.6633 2.3658 
-0.18664 5.7137 2.3701 