0	0	100
0	1	101
0	2	102
0	3	103
0	4	104
0	5	105
0	6	105
0	7	106
0	8	107
0	9	108
0	10	109
0	11	110
0	12	110
0	13	111
0	14	114
0	15	116
0	16	118
0	17	120
0	18	120
0	19	121
0	20	122
0	21	122
0	22	123
0	23	124
0	24	123
0	25	123
0	26	120
0	27	118
0	28	117
0	29	115
0	30	114
0	31	115
0	32	113
0	33	111
0	34	110
0	35	109
0	36	108
0	37	108
0	38	107
0	39	107
0	40	107
0	41	108
0	42	109
0	43	110
0	44	111
0	45	111
0	46	112
0	47	113
0	48	113
0	49	114
0	50	115
0	51	115
0	52	114
0	53	113
0	54	112
0	55	111
0	56	111
0	57	112
0	58	112
0	59	112
0	60	113
0	61	114
0	62	114
0	63	115
0	64	115
0	65	116
0	66	116
0	67	117
0	68	117
0	69	116
0	70	114
0	71	112
0	72	109
0	73	106
0	74	104
0	75	102
0	76	101
0	77	100
0	78	100
0	79	99
0	80	99
0	81	99
0	82	99
0	83	98
0	84	98
0	85	97
0	86	97
11	0	100
11	1	101
11	2	102
11	3	103
11	4	104
11	5	105
11	6	106
11	7	107
11	8	108
11	9	109
11	10	110
11	11	110
11	12	111
11	13	113
11	14	115
11	15	118
11	16	120
11	17	121
11	18	122
11	19	124
11	20	125
11	21	125
11	22	126
11	23	127
11	24	128
11	25	127
11	26	124
11	27	121
11	28	120
11	29	118
11	30	116
11	31	114
11	32	113
11	33	112
11	34	112
11	35	110
11	36	109
11	37	109
11	38	108
11	39	108
11	40	108
11	41	109
11	42	110
11	43	111
11	44	112
11	45	112
11	46	113
11	47	114
11	48	114
11	49	115
11	50	116
11	51	116
11	52	115
11	53	114
11	54	113
11	55	112
11	56	112
11	57	113
11	58	113
11	59	114
11	60	114
11	61	115
11	62	115
11	63	116
11	64	116
11	65	117
11	66	117
11	67	118
11	68	118
11	69	117
11	70	115
11	71	113
11	72	111
11	73	107
11	74	105
11	75	103
11	76	102
11	77	101
11	78	101
11	79	100
11	80	100
11	81	100
11	82	99
11	83	99
11	84	98
11	85	98
11	86	97
22	0	101
22	1	102
22	2	103
22	3	104
22	4	105
22	5	105
22	6	106
22	7	107
22	8	108
22	9	109
22	10	110
22	11	111
22	12	113
22	13	115
22	14	117
22	15	118
22	16	120
22	17	122
22	18	125
22	19	126
22	20	127
22	21	128
22	22	129
22	23	130
22	24	131
22	25	131
22	26	128
22	27	125
22	28	121
22	29	120
22	30	118
22	31	116
22	32	114
22	33	113
22	34	113
22	35	111
22	36	111
22	37	111
22	38	111
22	39	110
22	40	109
22	41	110
22	42	111
22	43	112
22	44	113
22	45	113
22	46	114
22	47	115
22	48	115
22	49	116
22	50	117
22	51	117
22	52	116
22	53	115
22	54	114
22	55	114
22	56	113
22	57	113
22	58	114
22	59	114
22	60	115
22	61	115
22	62	116
22	63	116
22	64	117
22	65	118
22	66	118
22	67	119
22	68	119
22	69	118
22	70	116
22	71	114
22	72	112
22	73	108
22	74	105
22	75	103
22	76	103
22	77	102
22	78	101
22	79	101
22	80	100
22	81	100
22	82	99
22	83	99
22	84	98
22	85	98
22	86	97
33	0	101
33	1	102
33	2	103
33	3	104
33	4	105
33	5	106
33	6	107
33	7	108
33	8	109
33	9	110
33	10	111
33	11	113
33	12	115
33	13	117
33	14	117
33	15	118
33	16	121
33	17	123
33	18	126
33	19	128
33	20	130
33	21	130
33	22	131
33	23	132
33	24	133
33	25	134
33	26	131
33	27	129
33	28	125
33	29	122
33	30	120
33	31	118
33	32	116
33	33	114
33	34	113
33	35	112
33	36	112
33	37	113
33	38	112
33	39	112
33	40	111
33	41	112
33	42	113
33	43	113
33	44	114
33	45	115
33	46	116
33	47	116
33	48	117
33	49	117
33	50	118
33	51	118
33	52	116
33	53	116
33	54	115
33	55	115
33	56	115
33	57	114
33	58	114
33	59	115
33	60	116
33	61	116
33	62	117
33	63	117
33	64	118
33	65	118
33	66	119
33	67	119
33	68	120
33	69	120
33	70	117
33	71	115
33	72	112
33	73	108
33	74	106
33	75	104
33	76	103
33	77	102
33	78	102
33	79	102
33	80	101
33	81	100
33	82	99
33	83	99
33	84	99
33	85	98
33	86	98
44	0	101
44	1	102
44	2	103
44	3	104
44	4	105
44	5	106
44	6	107
44	7	108
44	8	109
44	9	110
44	10	111
44	11	112
44	12	114
44	13	116
44	14	117
44	15	120
44	16	122
44	17	124
44	18	126
44	19	129
44	20	130
44	21	132
44	22	133
44	23	135
44	24	136
44	25	136
44	26	134
44	27	132
44	28	129
44	29	126
44	30	122
44	31	120
44	32	118
44	33	116
44	34	114
44	35	114
44	36	114
44	37	114
44	38	114
44	39	113
44	40	113
44	41	114
44	42	115
44	43	116
44	44	116
44	45	117
44	46	117
44	47	117
44	48	118
44	49	118
44	50	119
44	51	119
44	52	118
44	53	117
44	54	116
44	55	116
44	56	115
44	57	115
44	58	116
44	59	116
44	60	116
44	61	117
44	62	117
44	63	118
44	64	118
44	65	119
44	66	120
44	67	120
44	68	120
44	69	120
44	70	119
44	71	116
44	72	113
44	73	109
44	74	106
44	75	104
44	76	104
44	77	103
44	78	102
44	79	102
44	80	101
44	81	101
44	82	100
44	83	99
44	84	99
44	85	99
44	86	98
55	0	101
55	1	102
55	2	103
55	3	104
55	4	105
55	5	106
55	6	107
55	7	108
55	8	109
55	9	110
55	10	111
55	11	111
55	12	113
55	13	115
55	14	118
55	15	121
55	16	123
55	17	125
55	18	127
55	19	129
55	20	131
55	21	133
55	22	135
55	23	137
55	24	138
55	25	138
55	26	137
55	27	134
55	28	132
55	29	130
55	30	127
55	31	122
55	32	120
55	33	118
55	34	116
55	35	116
55	36	116
55	37	116
55	38	115
55	39	113
55	40	114
55	41	115
55	42	116
55	43	117
55	44	117
55	45	118
55	46	118
55	47	119
55	48	119
55	49	119
55	50	120
55	51	120
55	52	119
55	53	118
55	54	117
55	55	117
55	56	116
55	57	116
55	58	117
55	59	117
55	60	117
55	61	118
55	62	119
55	63	119
55	64	119
55	65	120
55	66	121
55	67	121
55	68	121
55	69	121
55	70	119
55	71	116
55	72	113
55	73	110
55	74	107
55	75	105
55	76	105
55	77	103
55	78	103
55	79	103
55	80	102
55	81	101
55	82	100
55	83	100
55	84	99
55	85	99
55	86	99
58	0	101
58	1	102
58	2	103
58	3	104
58	4	105
58	5	106
58	6	107
58	7	108
58	8	109
58	9	110
58	10	111
58	11	113
58	12	114
58	13	116
58	14	119
58	15	121
58	16	124
58	17	126
58	18	128
58	19	130
58	20	133
58	21	135
58	22	137
58	23	138
58	24	140
58	25	140
58	26	139
58	27	137
58	28	135
58	29	133
58	30	131
58	31	127
58	32	122
58	33	120
58	34	118
58	35	118
58	36	117
58	37	117
58	38	116
58	39	115
58	40	116
58	41	116
58	42	117
58	43	118
58	44	118
58	45	118
58	46	119
58	47	119
58	48	120
58	49	120
58	50	121
58	51	121
58	52	120
58	53	119
58	54	119
58	55	118
58	56	117
58	57	117
58	58	118
58	59	119
58	60	118
58	61	118
58	62	118
58	63	119
58	64	120
58	65	122
58	66	123
58	67	123
58	68	123
58	69	122
58	70	120
58	71	117
58	72	113
58	73	110
58	74	108
58	75	106
58	76	105
58	77	104
58	78	103
58	79	103
58	80	102
58	81	101
58	82	101
58	83	100
58	84	100
58	85	99
58	86	99
59	0	100
59	1	101
59	2	102
59	3	103
59	4	104
59	5	105
59	6	106
59	7	107
59	8	108
59	9	109
59	10	110
59	11	112
59	12	114
59	13	117
59	14	119
59	15	122
59	16	124
59	17	127
59	18	129
59	19	131
59	20	134
59	21	136
59	22	138
59	23	140
59	24	142
59	25	142
59	26	142
59	27	140
59	28	138
59	29	136
59	30	133
59	31	129
59	32	125
59	33	122
59	34	120
59	35	119
59	36	118
59	37	118
59	38	117
59	39	116
59	40	117
59	41	117
59	42	118
59	43	119
59	44	119
59	45	120
59	46	120
59	47	120
59	48	121
59	49	121
59	50	121
59	51	122
59	52	121
59	53	120
59	54	120
59	55	120
59	56	119
59	57	119
59	58	120
59	59	120
59	60	120
59	61	120
59	62	120
59	63	120
59	64	123
59	65	123
59	66	124
59	67	124
59	68	124
59	69	123
59	70	121
59	71	119
59	72	114
59	73	112
59	74	108
59	75	106
59	76	106
59	77	104
59	78	104
59	79	103
59	80	102
59	81	102
59	82	101
59	83	101
59	84	100
59	85	100
59	86	99
60	0	100
60	1	101
60	2	102
60	3	103
60	4	104
60	5	105
60	6	106
60	7	107
60	8	108
60	9	109
60	10	110
60	11	112
60	12	115
60	13	117
60	14	120
60	15	122
60	16	125
60	17	127
60	18	130
60	19	132
60	20	135
60	21	137
60	22	139
60	23	142
60	24	144
60	25	144
60	26	144
60	27	142
60	28	140
60	29	138
60	30	136
60	31	132
60	32	129
60	33	126
60	34	123
60	35	120
60	36	120
60	37	119
60	38	119
60	39	118
60	40	119
60	41	119
60	42	120
60	43	120
60	44	120
60	45	121
60	46	122
60	47	122
60	48	123
60	49	123
60	50	123
60	51	123
60	52	122
60	53	123
60	54	122
60	55	122
60	56	121
60	57	122
60	58	122
60	59	122
60	60	123
60	61	123
60	62	123
60	63	124
60	64	125
60	65	125
60	66	126
60	67	126
60	68	125
60	69	124
60	70	122
60	71	120
60	72	116
60	73	113
60	74	109
60	75	107
60	76	106
60	77	105
60	78	104
60	79	104
60	80	103
60	81	102
60	82	102
60	83	101
60	84	101
60	85	100
60	86	100
1	0	100
1	1	101
1	2	102
1	3	103
1	4	103
1	5	104
1	6	105
1	7	106
1	8	107
1	9	108
1	10	110
1	11	114
1	12	117
1	13	119
1	14	121
1	15	123
1	16	126
1	17	128
1	18	130
1	19	133
1	20	136
1	21	139
1	22	141
1	23	144
1	24	146
1	25	147
1	26	146
1	27	145
1	28	143
1	29	141
1	30	138
1	31	136
1	32	133
1	33	130
1	34	127
1	35	124
1	36	121
1	37	120
1	38	120
1	39	120
1	40	120
1	41	120
1	42	121
1	43	122
1	44	123
1	45	124
1	46	124
1	47	125
1	48	125
1	49	126
1	50	126
1	51	125
1	52	126
1	53	126
1	54	126
1	55	125
1	56	126
1	57	127
1	58	128
1	59	128
1	60	129
1	61	129
1	62	128
1	63	128
1	64	128
1	65	128
1	66	128
1	67	128
1	68	126
1	69	125
1	70	123
1	71	122
1	72	119
1	73	114
1	74	109
1	75	108
1	76	107
1	77	106
1	78	105
1	79	104
1	80	103
1	81	103
1	82	102
1	83	102
1	84	101
1	85	100
1	86	100
2	0	101
2	1	102
2	2	103
2	3	103
2	4	104
2	5	104
2	6	105
2	7	106
2	8	108
2	9	110
2	10	112
2	11	116
2	12	119
2	13	121
2	14	124
2	15	125
2	16	127
2	17	130
2	18	132
2	19	135
2	20	137
2	21	140
2	22	143
2	23	147
2	24	149
2	25	149
2	26	149
2	27	147
2	28	145
2	29	143
2	30	141
2	31	139
2	32	136
2	33	133
2	34	131
2	35	128
2	36	125
2	37	122
2	38	121
2	39	122
2	40	122
2	41	122
2	42	123
2	43	125
2	44	125
2	45	126
2	46	127
2	47	127
2	48	127
2	49	128
2	50	128
2	51	128
2	52	129
2	53	129
2	54	130
2	55	131
2	56	131
2	57	132
2	58	132
2	59	133
2	60	133
2	61	133
2	62	132
2	63	132
2	64	131
2	65	131
2	66	130
2	67	129
2	68	128
2	69	126
2	70	125
2	71	124
2	72	121
2	73	117
2	74	111
2	75	109
2	76	108
2	77	106
2	78	105
2	79	104
2	80	103
2	81	102
2	82	101
2	83	101
2	84	100
2	85	100
2	86	100
3	0	101
3	1	102
3	2	103
3	3	104
3	4	104
3	5	105
3	6	106
3	7	107
3	8	108
3	9	110
3	10	114
3	11	119
3	12	121
3	13	124
3	14	126
3	15	128
3	16	129
3	17	132
3	18	134
3	19	137
3	20	140
3	21	143
3	22	147
3	23	149
3	24	151
3	25	151
3	26	151
3	27	149
3	28	147
3	29	145
3	30	143
3	31	141
3	32	138
3	33	136
3	34	134
3	35	131
3	36	128
3	37	126
3	38	124
3	39	125
3	40	125
3	41	126
3	42	126
3	43	127
3	44	128
3	45	128
3	46	129
3	47	129
3	48	130
3	49	130
3	50	131
3	51	131
3	52	132
3	53	132
3	54	133
3	55	134
3	56	135
3	57	135
3	58	136
3	59	136
3	60	137
3	61	137
3	62	136
3	63	136
3	64	135
3	65	134
3	66	133
3	67	131
3	68	129
3	69	128
3	70	127
3	71	126
3	72	123
3	73	119
3	74	115
3	75	111
3	76	109
3	77	107
3	78	105
3	79	104
3	80	103
3	81	102
3	82	101
3	83	100
3	84	100
3	85	100
3	86	99
4	0	102
4	1	103
4	2	104
4	3	104
4	4	105
4	5	105
4	6	106
4	7	108
4	8	110
4	9	113
4	10	118
4	11	121
4	12	124
4	13	126
4	14	128
4	15	130
4	16	132
4	17	134
4	18	136
4	19	139
4	20	143
4	21	147
4	22	150
4	23	154
4	24	154
4	25	154
4	26	153
4	27	151
4	28	149
4	29	148
4	30	146
4	31	143
4	32	141
4	33	139
4	34	137
4	35	136
4	36	132
4	37	130
4	38	128
4	39	128
4	40	128
4	41	129
4	42	129
4	43	130
4	44	130
4	45	131
4	46	132
4	47	132
4	48	132
4	49	133
4	50	134
4	51	134
4	52	135
4	53	135
4	54	136
4	55	137
4	56	138
4	57	139
4	58	139
4	59	140
4	60	140
4	61	140
4	62	139
4	63	139
4	64	138
4	65	137
4	66	137
4	67	135
4	68	132
4	69	130
4	70	129
4	71	127
4	72	124
4	73	120
4	74	116
4	75	112
4	76	109
4	77	106
4	78	105
4	79	103
4	80	102
4	81	101
4	82	101
4	83	100
4	84	99
4	85	99
4	86	99
5	0	102
5	1	103
5	2	104
5	3	104
5	4	105
5	5	106
5	6	107
5	7	108
5	8	111
5	9	116
5	10	121
5	11	124
5	12	126
5	13	128
5	14	131
5	15	134
5	16	135
5	17	137
5	18	139
5	19	143
5	20	147
5	21	152
5	22	156
5	23	157
5	24	157
5	25	157
5	26	156
5	27	155
5	28	153
5	29	151
5	30	148
5	31	146
5	32	143
5	33	142
5	34	141
5	35	140
5	36	138
5	37	135
5	38	133
5	39	132
5	40	132
5	41	133
5	42	133
5	43	133
5	44	134
5	45	135
5	46	135
5	47	135
5	48	135
5	49	136
5	50	136
5	51	137
5	52	137
5	53	138
5	54	138
5	55	139
5	56	140
5	57	141
5	58	141
5	59	142
5	60	142
5	61	143
5	62	142
5	63	142
5	64	141
5	65	141
5	66	140
5	67	139
5	68	137
5	69	134
5	70	133
5	71	129
5	72	125
5	73	121
5	74	114
5	75	110
5	76	107
5	77	106
5	78	106
5	79	104
5	80	103
5	81	102
5	82	101
5	83	100
5	84	99
5	85	99
5	86	99
6	0	102
6	1	103
6	2	104
6	3	105
6	4	105
6	5	106
6	6	108
6	7	110
6	8	113
6	9	118
6	10	123
6	11	127
6	12	129
6	13	132
6	14	137
6	15	141
6	16	142
6	17	142
6	18	145
6	19	150
6	20	154
6	21	157
6	22	161
6	23	161
6	24	160
6	25	160
6	26	160
6	27	159
6	28	157
6	29	154
6	30	151
6	31	148
6	32	146
6	33	145
6	34	143
6	35	142
6	36	142
6	37	139
6	38	137
6	39	136
6	40	137
6	41	137
6	42	138
6	43	138
6	44	139
6	45	139
6	46	139
6	47	139
6	48	139
6	49	139
6	50	139
6	51	139
6	52	140
6	53	140
6	54	141
6	55	142
6	56	142
6	57	143
6	58	144
6	59	144
6	60	144
6	61	145
6	62	145
6	63	145
6	64	145
6	65	145
6	66	144
6	67	142
6	68	140
6	69	139
6	70	136
6	71	129
6	72	124
6	73	119
6	74	113
6	75	109
6	76	106
6	77	106
6	78	105
6	79	104
6	80	103
6	81	102
6	82	101
6	83	101
6	84	100
6	85	99
6	86	99
7	0	102
7	1	103
7	2	104
7	3	105
7	4	106
7	5	107
7	6	109
7	7	113
7	8	116
7	9	120
7	10	125
7	11	129
7	12	133
7	13	137
7	14	143
7	15	147
7	16	149
7	17	151
7	18	152
7	19	154
7	20	158
7	21	161
7	22	164
7	23	165
7	24	164
7	25	164
7	26	163
7	27	163
7	28	160
7	29	157
7	30	154
7	31	151
7	32	149
7	33	147
7	34	145
7	35	145
7	36	144
7	37	143
7	38	141
7	39	140
7	40	141
7	41	141
7	42	141
7	43	141
7	44	141
7	45	142
7	46	142
7	47	142
7	48	142
7	49	142
7	50	142
7	51	142
7	52	143
7	53	143
7	54	143
7	55	144
7	56	144
7	57	145
7	58	146
7	59	146
7	60	146
7	61	147
7	62	148
7	63	148
7	64	148
7	65	148
7	66	145
7	67	143
7	68	142
7	69	140
7	70	134
7	71	128
7	72	123
7	73	117
7	74	112
7	75	108
7	76	106
7	77	105
7	78	105
7	79	104
7	80	104
7	81	103
7	82	102
7	83	101
7	84	100
7	85	100
7	86	99
8	0	103
8	1	104
8	2	105
8	3	106
8	4	107
8	5	109
8	6	111
8	7	115
8	8	118
8	9	122
8	10	127
8	11	133
8	12	140
8	13	143
8	14	150
8	15	152
8	16	153
8	17	155
8	18	157
8	19	159
8	20	162
8	21	164
8	22	167
8	23	168
8	24	168
8	25	168
8	26	167
8	27	166
8	28	163
8	29	160
8	30	157
8	31	153
8	32	150
8	33	148
8	34	148
8	35	147
8	36	147
8	37	147
8	38	145
8	39	145
8	40	144
8	41	143
8	42	143
8	43	143
8	44	144
8	45	144
8	46	144
8	47	144
8	48	145
8	49	145
8	50	145
8	51	145
8	52	146
8	53	146
8	54	146
8	55	146
8	56	146
8	57	147
8	58	147
8	59	148
8	60	149
8	61	150
8	62	150
8	63	150
8	64	150
8	65	149
8	66	147
8	67	145
8	68	143
8	69	141
8	70	134
8	71	127
8	72	123
8	73	117
8	74	111
8	75	108
8	76	105
8	77	105
8	78	104
8	79	104
8	80	103
8	81	103
8	82	102
8	83	101
8	84	100
8	85	100
8	86	100
9	0	104
9	1	105
9	2	106
9	3	107
9	4	108
9	5	110
9	6	113
9	7	117
9	8	120
9	9	125
9	10	129
9	11	138
9	12	145
9	13	151
9	14	156
9	15	156
9	16	157
9	17	158
9	18	160
9	19	164
9	20	166
9	21	168
9	22	170
9	23	171
9	24	172
9	25	171
9	26	171
9	27	169
9	28	166
9	29	163
9	30	160
9	31	156
9	32	153
9	33	151
9	34	150
9	35	150
9	36	149
9	37	149
9	38	149
9	39	148
9	40	146
9	41	146
9	42	146
9	43	146
9	44	146
9	45	146
9	46	146
9	47	147
9	48	148
9	49	148
9	50	149
9	51	149
9	52	149
9	53	148
9	54	148
9	55	148
9	56	148
9	57	149
9	58	149
9	59	150
9	60	150
9	61	150
9	62	150
9	63	150
9	64	150
9	65	150
9	66	148
9	67	146
9	68	143
9	69	141
9	70	136
9	71	129
9	72	123
9	73	117
9	74	110
9	75	108
9	76	105
9	77	104
9	78	103
9	79	102
9	80	102
9	81	101
9	82	101
9	83	100
9	84	100
9	85	100
9	86	100
10	0	103
10	1	104
10	2	105
10	3	106
10	4	108
10	5	110
10	6	114
10	7	118
10	8	123
10	9	127
10	10	133
10	11	143
10	12	150
10	13	156
10	14	160
10	15	160
10	16	161
10	17	162
10	18	167
10	19	170
10	20	171
10	21	172
10	22	173
10	23	175
10	24	175
10	25	174
10	26	174
10	27	173
10	28	171
10	29	168
10	30	164
10	31	160
10	32	156
10	33	155
10	34	154
10	35	153
10	36	153
10	37	152
10	38	152
10	39	150
10	40	149
10	41	148
10	42	148
10	43	148
10	44	148
10	45	148
10	46	149
10	47	149
10	48	150
10	49	152
10	50	152
10	51	152
10	52	152
10	53	151
10	54	150
10	55	150
10	56	150
10	57	150
10	58	150
10	59	150
10	60	150
10	61	150
10	62	150
10	63	150
10	64	150
10	65	150
10	66	149
10	67	147
10	68	144
10	69	141
10	70	138
10	71	132
10	72	125
10	73	118
10	74	111
10	75	108
10	76	105
10	77	103
10	78	102
10	79	101
10	80	101
10	81	101
10	82	100
10	83	100
10	84	100
10	85	100
10	86	100
12	0	102
12	1	103
12	2	104
12	3	106
12	4	108
12	5	112
12	6	116
12	7	120
12	8	125
12	9	129
12	10	137
12	11	146
12	12	154
12	13	161
12	14	163
12	15	165
12	16	166
12	17	169
12	18	172
12	19	173
12	20	174
12	21	175
12	22	177
12	23	178
12	24	178
12	25	178
12	26	178
12	27	177
12	28	174
12	29	171
12	30	168
12	31	164
12	32	160
12	33	158
12	34	157
12	35	157
12	36	156
12	37	156
12	38	156
12	39	155
12	40	152
12	41	151
12	42	150
12	43	150
12	44	151
12	45	151
12	46	152
12	47	154
12	48	156
12	49	157
12	50	157
12	51	156
12	52	155
12	53	153
12	54	152
12	55	152
12	56	151
12	57	150
12	58	150
12	59	150
12	60	150
12	61	150
12	62	150
12	63	150
12	64	150
12	65	150
12	66	150
12	67	147
12	68	144
12	69	141
12	70	138
12	71	133
12	72	127
12	73	120
12	74	113
12	75	109
12	76	106
12	77	103
12	78	101
12	79	101
12	80	101
12	81	100
12	82	100
12	83	100
12	84	100
12	85	100
12	86	100
13	0	101
13	1	102
13	2	104
13	3	106
13	4	109
13	5	113
13	6	118
13	7	122
13	8	127
13	9	133
13	10	141
13	11	149
13	12	155
13	13	161
13	14	165
13	15	168
13	16	170
13	17	172
13	18	175
13	19	176
13	20	177
13	21	179
13	22	181
13	23	181
13	24	181
13	25	180
13	26	180
13	27	179
13	28	177
13	29	174
13	30	171
13	31	167
13	32	165
13	33	163
13	34	161
13	35	160
13	36	160
13	37	160
13	38	160
13	39	160
13	40	157
13	41	155
13	42	155
13	43	154
13	44	154
13	45	155
13	46	157
13	47	159
13	48	161
13	49	161
13	50	161
13	51	159
13	52	156
13	53	154
13	54	154
13	55	153
13	56	151
13	57	150
13	58	150
13	59	150
13	60	150
13	61	150
13	62	150
13	63	150
13	64	150
13	65	150
13	66	149
13	67	147
13	68	144
13	69	141
13	70	137
13	71	133
13	72	129
13	73	123
13	74	116
13	75	110
13	76	107
13	77	104
13	78	102
13	79	102
13	80	101
13	81	101
13	82	101
13	83	100
13	84	100
13	85	100
13	86	100
14	0	101
14	1	102
14	2	105
14	3	107
14	4	110
14	5	115
14	6	120
14	7	124
14	8	129
14	9	136
14	10	143
14	11	149
14	12	155
14	13	162
14	14	168
14	15	170
14	16	174
14	17	176
14	18	178
14	19	179
14	20	181
14	21	182
14	22	184
14	23	184
14	24	183
14	25	181
14	26	180
14	27	180
14	28	179
14	29	177
14	30	174
14	31	172
14	32	170
14	33	168
14	34	166
14	35	165
14	36	164
14	37	164
14	38	164
14	39	164
14	40	162
14	41	160
14	42	159
14	43	159
14	44	158
14	45	160
14	46	162
14	47	164
14	48	166
14	49	166
14	50	163
14	51	159
14	52	157
14	53	156
14	54	155
14	55	153
14	56	151
14	57	150
14	58	150
14	59	150
14	60	150
14	61	150
14	62	150
14	63	150
14	64	150
14	65	150
14	66	149
14	67	146
14	68	143
14	69	140
14	70	137
14	71	133
14	72	129
14	73	124
14	74	119
14	75	112
14	76	108
14	77	105
14	78	103
14	79	103
14	80	102
14	81	101
14	82	101
14	83	101
14	84	101
14	85	100
14	86	100
15	0	102
15	1	103
15	2	106
15	3	108
15	4	112
15	5	116
15	6	121
15	7	125
15	8	130
15	9	138
15	10	145
15	11	151
15	12	157
15	13	163
15	14	170
15	15	174
15	16	178
15	17	181
15	18	181
15	19	184
15	20	186
15	21	186
15	22	187
15	23	186
15	24	184
15	25	181
15	26	180
15	27	180
15	28	180
15	29	179
15	30	178
15	31	174
15	32	173
15	33	173
15	34	171
15	35	170
15	36	170
15	37	169
15	38	168
15	39	167
15	40	166
15	41	164
15	42	163
15	43	162
15	44	161
15	45	164
15	46	167
15	47	169
15	48	170
15	49	168
15	50	164
15	51	160
15	52	158
15	53	157
15	54	155
15	55	153
15	56	151
15	57	150
15	58	150
15	59	150
15	60	150
15	61	150
15	62	150
15	63	150
15	64	150
15	65	150
15	66	147
15	67	144
15	68	141
15	69	138
15	70	135
15	71	133
15	72	128
15	73	125
15	74	122
15	75	116
15	76	109
15	77	107
15	78	104
15	79	104
15	80	103
15	81	102
15	82	101
15	83	101
15	84	101
15	85	101
15	86	101
16	0	103
16	1	105
16	2	107
16	3	110
16	4	114
16	5	118
16	6	122
16	7	127
16	8	132
16	9	140
16	10	146
16	11	153
16	12	159
16	13	165
16	14	171
16	15	176
16	16	180
16	17	183
16	18	185
16	19	186
16	20	189
16	21	190
16	22	188
16	23	187
16	24	184
16	25	182
16	26	180
16	27	180
16	28	180
16	29	179
16	30	178
16	31	176
16	32	176
16	33	176
16	34	176
16	35	174
16	36	174
16	37	173
16	38	172
16	39	170
16	40	168
16	41	167
16	42	165
16	43	163
16	44	164
16	45	165
16	46	169
16	47	170
16	48	170
16	49	170
16	50	166
16	51	162
16	52	159
16	53	157
16	54	155
16	55	153
16	56	151
16	57	150
16	58	150
16	59	150
16	60	150
16	61	150
16	62	150
16	63	150
16	64	150
16	65	150
16	66	146
16	67	142
16	68	139
16	69	136
16	70	133
16	71	131
16	72	128
16	73	125
16	74	122
16	75	117
16	76	110
16	77	108
16	78	106
16	79	105
16	80	104
16	81	103
16	82	103
16	83	101
16	84	101
16	85	101
16	86	101
17	0	104
17	1	106
17	2	108
17	3	111
17	4	115
17	5	119
17	6	123
17	7	128
17	8	134
17	9	141
17	10	148
17	11	154
17	12	161
17	13	166
17	14	172
17	15	179
17	16	182
17	17	184
17	18	186
17	19	189
17	20	190
17	21	190
17	22	190
17	23	187
17	24	185
17	25	183
17	26	180
17	27	180
17	28	180
17	29	179
17	30	179
17	31	177
17	32	176
17	33	177
17	34	178
17	35	178
17	36	178
17	37	177
17	38	176
17	39	174
17	40	171
17	41	168
17	42	166
17	43	164
17	44	166
17	45	168
17	46	170
17	47	170
17	48	170
17	49	170
17	50	168
17	51	162
17	52	159
17	53	157
17	54	155
17	55	153
17	56	151
17	57	150
17	58	150
17	59	150
17	60	150
17	61	150
17	62	150
17	63	150
17	64	150
17	65	148
17	66	144
17	67	140
17	68	137
17	69	134
17	70	132
17	71	129
17	72	127
17	73	125
17	74	122
17	75	117
17	76	111
17	77	110
17	78	107
17	79	107
17	80	106
17	81	105
17	82	104
17	83	103
17	84	102
17	85	101
17	86	100
18	0	104
18	1	106
18	2	110
18	3	114
18	4	118
18	5	121
18	6	125
18	7	129
18	8	135
18	9	142
18	10	150
18	11	157
18	12	162
18	13	167
18	14	173
18	15	180
18	16	183
18	17	186
18	18	188
18	19	190
18	20	190
18	21	190
18	22	189
18	23	184
18	24	183
18	25	181
18	26	180
18	27	179
18	28	179
18	29	176
18	30	177
18	31	176
18	32	176
18	33	177
18	34	178
18	35	179
18	36	180
18	37	180
18	38	179
18	39	177
18	40	173
18	41	169
18	42	167
18	43	166
18	44	167
18	45	169
18	46	170
18	47	170
18	48	170
18	49	170
18	50	167
18	51	161
18	52	159
18	53	157
18	54	155
18	55	153
18	56	151
18	57	150
18	58	150
18	59	150
18	60	150
18	61	150
18	62	150
18	63	149
18	64	147
18	65	145
18	66	141
18	67	138
18	68	135
18	69	133
18	70	130
18	71	127
18	72	125
18	73	123
18	74	121
18	75	118
18	76	113
18	77	111
18	78	110
18	79	110
18	80	109
18	81	109
18	82	107
18	83	106
18	84	105
18	85	103
18	86	100
19	0	105
19	1	107
19	2	111
19	3	117
19	4	121
19	5	124
19	6	127
19	7	131
19	8	137
19	9	148
19	10	154
19	11	159
19	12	164
19	13	168
19	14	174
19	15	181
19	16	184
19	17	187
19	18	190
19	19	191
19	20	191
19	21	190
19	22	187
19	23	184
19	24	180
19	25	178
19	26	175
19	27	174
19	28	172
19	29	171
19	30	173
19	31	173
19	32	173
19	33	176
19	34	178
19	35	179
19	36	180
19	37	180
19	38	180
19	39	179
19	40	175
19	41	170
19	42	168
19	43	166
19	44	168
19	45	169
19	46	170
19	47	170
19	48	170
19	49	170
19	50	166
19	51	161
19	52	158
19	53	156
19	54	154
19	55	153
19	56	151
19	57	150
19	58	150
19	59	150
19	60	150
19	61	148
19	62	147
19	63	146
19	64	145
19	65	143
19	66	139
19	67	135
19	68	133
19	69	131
19	70	129
19	71	126
19	72	124
19	73	121
19	74	120
19	75	118
19	76	114
19	77	111
19	78	111
19	79	111
19	80	110
19	81	110
19	82	109
19	83	107
19	84	106
19	85	104
19	86	100
20	0	107
20	1	109
20	2	113
20	3	118
20	4	122
20	5	126
20	6	129
20	7	134
20	8	139
20	9	150
20	10	156
20	11	160
20	12	165
20	13	170
20	14	175
20	15	181
20	16	184
20	17	188
20	18	191
20	19	192
20	20	192
20	21	189
20	22	185
20	23	181
20	24	177
20	25	173
20	26	171
20	27	169
20	28	168
20	29	167
20	30	169
20	31	170
20	32	172
20	33	174
20	34	176
20	35	178
20	36	179
20	37	180
20	38	180
20	39	179
20	40	175
20	41	170
20	42	168
20	43	166
20	44	166
20	45	168
20	46	168
20	47	170
20	48	170
20	49	168
20	50	164
20	51	160
20	52	158
20	53	155
20	54	152
20	55	151
20	56	150
20	57	149
20	58	149
20	59	148
20	60	147
20	61	145
20	62	144
20	63	143
20	64	142
20	65	141
20	66	136
20	67	133
20	68	130
20	69	129
20	70	127
20	71	125
20	72	123
20	73	120
20	74	119
20	75	118
20	76	115
20	77	112
20	78	111
20	79	111
20	80	111
20	81	110
20	82	109
20	83	109
20	84	109
20	85	105
20	86	100
21	0	107
21	1	110
21	2	114
21	3	117
21	4	121
21	5	126
21	6	130
21	7	135
21	8	142
21	9	151
21	10	159
21	11	163
21	12	167
21	13	171
21	14	177
21	15	182
21	16	185
21	17	189
21	18	192
21	19	193
21	20	191
21	21	187
21	22	183
21	23	179
21	24	174
21	25	169
21	26	167
21	27	166
21	28	164
21	29	164
21	30	165
21	31	166
21	32	169
21	33	171
21	34	174
21	35	178
21	36	179
21	37	180
21	38	180
21	39	178
21	40	173
21	41	169
21	42	166
21	43	165
21	44	165
21	45	166
21	46	165
21	47	168
21	48	169
21	49	166
21	50	163
21	51	159
21	52	157
21	53	154
21	54	152
21	55	149
21	56	148
21	57	147
21	58	146
21	59	145
21	60	143
21	61	142
21	62	141
21	63	140
21	64	139
21	65	138
21	66	133
21	67	130
21	68	128
21	69	127
21	70	125
21	71	124
21	72	122
21	73	120
21	74	118
21	75	117
21	76	115
21	77	112
21	78	111
21	79	111
21	80	111
21	81	111
21	82	110
21	83	109
21	84	108
21	85	106
21	86	100
23	0	107
23	1	110
23	2	115
23	3	119
23	4	123
23	5	129
23	6	135
23	7	141
23	8	146
23	9	156
23	10	161
23	11	165
23	12	168
23	13	173
23	14	179
23	15	182
23	16	186
23	17	189
23	18	193
23	19	194
23	20	191
23	21	184
23	22	179
23	23	175
23	24	170
23	25	166
23	26	162
23	27	161
23	28	160
23	29	160
23	30	161
23	31	162
23	32	165
23	33	169
23	34	172
23	35	176
23	36	178
23	37	179
23	38	179
23	39	176
23	40	172
23	41	168
23	42	165
23	43	163
23	44	163
23	45	163
23	46	163
23	47	165
23	48	166
23	49	164
23	50	161
23	51	158
23	52	155
23	53	152
23	54	150
23	55	147
23	56	146
23	57	144
23	58	143
23	59	142
23	60	141
23	61	139
23	62	139
23	63	138
23	64	137
23	65	135
23	66	131
23	67	128
23	68	127
23	69	125
23	70	124
23	71	122
23	72	121
23	73	119
23	74	118
23	75	116
23	76	115
23	77	113
23	78	112
23	79	111
23	80	111
23	81	110
23	82	110
23	83	109
23	84	109
23	85	105
23	86	100
24	0	108
24	1	110
24	2	114
24	3	120
24	4	128
24	5	134
24	6	140
24	7	146
24	8	152
24	9	158
24	10	162
24	11	166
24	12	169
24	13	175
24	14	180
24	15	183
24	16	186
24	17	189
24	18	193
24	19	195
24	20	190
24	21	184
24	22	176
24	23	171
24	24	167
24	25	163
24	26	160
24	27	158
24	28	157
24	29	156
24	30	157
24	31	159
24	32	163
24	33	166
24	34	170
24	35	174
24	36	176
24	37	178
24	38	178
24	39	176
24	40	172
24	41	167
24	42	164
24	43	161
24	44	161
24	45	160
24	46	161
24	47	163
24	48	163
24	49	163
24	50	160
24	51	157
24	52	153
24	53	150
24	54	148
24	55	146
24	56	144
24	57	142
24	58	141
24	59	140
24	60	139
24	61	138
24	62	136
24	63	135
24	64	134
24	65	133
24	66	129
24	67	127
24	68	126
24	69	124
24	70	122
24	71	121
24	72	119
24	73	118
24	74	117
24	75	116
24	76	114
24	77	113
24	78	112
24	79	111
24	80	110
24	81	110
24	82	109
24	83	109
24	84	107
24	85	104
24	86	100
25	0	108
25	1	110
25	2	115
25	3	121
25	4	131
25	5	137
25	6	142
25	7	147
25	8	152
25	9	159
25	10	163
25	11	167
25	12	170
25	13	177
25	14	182
25	15	184
25	16	187
25	17	189
25	18	192
25	19	194
25	20	189
25	21	183
25	22	174
25	23	169
25	24	165
25	25	161
25	26	158
25	27	156
25	28	154
25	29	153
25	30	154
25	31	157
25	32	160
25	33	164
25	34	167
25	35	171
25	36	172
25	37	174
25	38	174
25	39	173
25	40	171
25	41	168
25	42	161
25	43	159
25	44	158
25	45	158
25	46	159
25	47	161
25	48	161
25	49	160
25	50	158
25	51	155
25	52	151
25	53	149
25	54	147
25	55	144
25	56	142
25	57	141
25	58	140
25	59	138
25	60	137
25	61	136
25	62	135
25	63	134
25	64	132
25	65	130
25	66	128
25	67	126
25	68	125
25	69	123
25	70	121
25	71	119
25	72	118
25	73	117
25	74	116
25	75	115
25	76	113
25	77	112
25	78	112
25	79	111
25	80	110
25	81	109
25	82	108
25	83	107
25	84	105
25	85	101
25	86	100
26	0	110
26	1	111
26	2	116
26	3	122
26	4	129
26	5	137
26	6	142
26	7	146
26	8	151
26	9	158
26	10	164
26	11	168
26	12	172
26	13	179
26	14	183
26	15	186
26	16	189
26	17	190
26	18	192
26	19	193
26	20	188
26	21	182
26	22	174
26	23	168
26	24	164
26	25	161
26	26	157
26	27	154
26	28	151
26	29	149
26	30	151
26	31	154
26	32	158
26	33	161
26	34	167
26	35	170
26	36	170
26	37	170
26	38	170
26	39	169
26	40	168
26	41	166
26	42	160
26	43	157
26	44	156
26	45	156
26	46	157
26	47	158
26	48	159
26	49	159
26	50	156
26	51	153
26	52	150
26	53	148
26	54	146
26	55	144
26	56	141
26	57	140
26	58	140
26	59	138
26	60	136
26	61	135
26	62	134
26	63	133
26	64	131
26	65	129
26	66	127
26	67	125
26	68	123
26	69	122
26	70	120
26	71	118
26	72	117
26	73	116
26	74	115
26	75	114
26	76	112
26	77	111
26	78	110
26	79	108
26	80	107
26	81	106
26	82	105
26	83	104
26	84	102
26	85	100
26	86	100
27	0	110
27	1	112
27	2	118
27	3	124
27	4	130
27	5	136
27	6	142
27	7	146
27	8	151
27	9	157
27	10	163
27	11	168
27	12	174
27	13	178
27	14	183
27	15	187
27	16	189
27	17	190
27	18	191
27	19	192
27	20	189
27	21	182
27	22	174
27	23	168
27	24	164
27	25	160
27	26	157
27	27	153
27	28	149
27	29	148
27	30	149
27	31	153
27	32	157
27	33	161
27	34	167
27	35	170
27	36	170
27	37	170
27	38	168
27	39	166
27	40	165
27	41	163
27	42	159
27	43	156
27	44	154
27	45	153
27	46	155
27	47	155
27	48	155
27	49	155
27	50	152
27	51	150
27	52	149
27	53	147
27	54	145
27	55	143
27	56	141
27	57	140
27	58	139
27	59	138
27	60	136
27	61	134
27	62	133
27	63	131
27	64	130
27	65	128
27	66	126
27	67	124
27	68	122
27	69	120
27	70	119
27	71	117
27	72	116
27	73	115
27	74	114
27	75	113
27	76	111
27	77	110
27	78	107
27	79	106
27	80	105
27	81	105
27	82	102
27	83	101
27	84	100
27	85	100
27	86	100
28	0	110
28	1	113
28	2	119
28	3	125
28	4	131
28	5	136
28	6	141
28	7	145
28	8	150
28	9	158
28	10	164
28	11	168
28	12	172
28	13	177
28	14	183
28	15	187
28	16	189
28	17	191
28	18	192
28	19	191
28	20	190
28	21	183
28	22	174
28	23	168
28	24	164
28	25	160
28	26	157
28	27	153
28	28	150
28	29	149
28	30	150
28	31	154
28	32	158
28	33	162
28	34	166
28	35	170
28	36	170
28	37	168
28	38	166
28	39	164
28	40	162
28	41	160
28	42	158
28	43	155
28	44	152
28	45	151
28	46	151
28	47	151
28	48	151
28	49	151
28	50	149
28	51	148
28	52	147
28	53	146
28	54	145
28	55	143
28	56	142
28	57	140
28	58	139
28	59	137
28	60	135
28	61	134
28	62	132
28	63	131
28	64	129
28	65	127
28	66	125
28	67	123
28	68	121
28	69	119
28	70	117
28	71	116
28	72	114
28	73	114
28	74	113
28	75	112
28	76	110
28	77	108
28	78	107
28	79	105
28	80	103
28	81	100
28	82	100
28	83	100
28	84	100
28	85	99
28	86	99
29	0	110
29	1	114
29	2	119
29	3	126
29	4	131
29	5	135
29	6	140
29	7	144
29	8	149
29	9	158
29	10	164
29	11	168
29	12	172
29	13	176
29	14	183
29	15	184
29	16	189
29	17	190
29	18	191
29	19	191
29	20	190
29	21	183
29	22	174
29	23	169
29	24	165
29	25	161
29	26	158
29	27	154
29	28	150
29	29	151
29	30	152
29	31	155
29	32	159
29	33	164
29	34	168
29	35	168
29	36	168
29	37	167
29	38	165
29	39	163
29	40	160
29	41	158
29	42	155
29	43	153
29	44	150
29	45	148
29	46	148
29	47	148
29	48	148
29	49	148
29	50	147
29	51	146
29	52	146
29	53	145
29	54	143
29	55	142
29	56	141
29	57	140
29	58	139
29	59	138
29	60	136
29	61	134
29	62	132
29	63	131
29	64	128
29	65	126
29	66	124
29	67	122
29	68	120
29	69	118
29	70	116
29	71	114
29	72	113
29	73	113
29	74	112
29	75	111
29	76	108
29	77	107
29	78	106
29	79	105
29	80	104
29	81	102
29	82	100
29	83	99
29	84	99
29	85	99
29	86	99
30	0	110
30	1	116
30	2	121
30	3	127
30	4	132
30	5	136
30	6	140
30	7	144
30	8	148
30	9	154
30	10	160
30	11	166
30	12	171
30	13	176
30	14	180
30	15	184
30	16	189
30	17	190
30	18	191
30	19	191
30	20	191
30	21	183
30	22	176
30	23	170
30	24	166
30	25	163
30	26	159
30	27	156
30	28	154
30	29	155
30	30	155
30	31	158
30	32	161
30	33	165
30	34	170
30	35	167
30	36	166
30	37	165
30	38	163
30	39	161
30	40	158
30	41	155
30	42	152
30	43	150
30	44	146
30	45	145
30	46	145
30	47	145
30	48	146
30	49	146
30	50	144
30	51	145
30	52	145
30	53	144
30	54	142
30	55	141
30	56	140
30	57	140
30	58	140
30	59	140
30	60	138
30	61	136
30	62	134
30	63	131
30	64	128
30	65	125
30	66	123
30	67	121
30	68	119
30	69	117
30	70	115
30	71	113
30	72	112
30	73	111
30	74	111
30	75	110
30	76	108
30	77	106
30	78	105
30	79	102
30	80	100
30	81	100
30	82	99
30	83	99
30	84	99
30	85	98
30	86	98
31	0	110
31	1	115
31	2	121
31	3	127
31	4	132
31	5	136
31	6	140
31	7	144
31	8	148
31	9	151
31	10	157
31	11	162
31	12	169
31	13	174
31	14	178
31	15	181
31	16	186
31	17	188
31	18	190
31	19	191
31	20	190
31	21	184
31	22	177
31	23	172
31	24	168
31	25	165
31	26	162
31	27	159
31	28	158
31	29	158
31	30	159
31	31	161
31	32	166
31	33	167
31	34	169
31	35	166
31	36	164
31	37	163
31	38	161
31	39	159
31	40	156
31	41	153
31	42	149
31	43	146
31	44	142
31	45	142
31	46	141
31	47	142
31	48	143
31	49	143
31	50	143
31	51	143
31	52	144
31	53	142
31	54	141
31	55	140
31	56	140
31	57	140
31	58	140
31	59	140
31	60	140
31	61	138
31	62	134
31	63	131
31	64	128
31	65	125
31	66	123
31	67	120
31	68	117
31	69	116
31	70	114
31	71	112
31	72	110
31	73	109
31	74	108
31	75	107
31	76	106
31	77	105
31	78	102
31	79	101
31	80	100
31	81	99
31	82	99
31	83	99
31	84	98
31	85	98
31	86	97
32	0	110
32	1	114
32	2	120
32	3	126
32	4	131
32	5	136
32	6	140
32	7	143
32	8	146
32	9	149
32	10	154
32	11	159
32	12	166
32	13	171
32	14	177
32	15	180
32	16	182
32	17	186
32	18	190
32	19	190
32	20	190
32	21	185
32	22	179
32	23	174
32	24	171
32	25	168
32	26	166
32	27	163
32	28	164
32	29	163
32	30	166
32	31	169
32	32	170
32	33	170
32	34	168
32	35	164
32	36	162
32	37	161
32	38	158
32	39	155
32	40	153
32	41	150
32	42	147
32	43	143
32	44	139
32	45	139
32	46	139
32	47	139
32	48	140
32	49	141
32	50	141
32	51	142
32	52	142
32	53	141
32	54	140
32	55	140
32	56	140
32	57	140
32	58	140
32	59	140
32	60	140
32	61	137
32	62	134
32	63	131
32	64	128
32	65	125
32	66	122
32	67	119
32	68	116
32	69	114
32	70	112
32	71	110
32	72	109
32	73	109
32	74	108
32	75	107
32	76	105
32	77	100
32	78	100
32	79	100
32	80	99
32	81	99
32	82	99
32	83	98
32	84	98
32	85	97
32	86	97
34	0	110
34	1	112
34	2	118
34	3	124
34	4	130
34	5	135
34	6	139
34	7	142
34	8	145
34	9	148
34	10	151
34	11	157
34	12	163
34	13	169
34	14	172
34	15	176
34	16	179
34	17	183
34	18	187
34	19	190
34	20	190
34	21	186
34	22	180
34	23	177
34	24	175
34	25	173
34	26	170
34	27	169
34	28	169
34	29	170
34	30	171
34	31	172
34	32	170
34	33	170
34	34	167
34	35	163
34	36	160
34	37	157
34	38	154
34	39	152
34	40	149
34	41	147
34	42	144
34	43	140
34	44	137
34	45	137
34	46	136
34	47	137
34	48	138
34	49	138
34	50	139
34	51	140
34	52	141
34	53	140
34	54	140
34	55	140
34	56	140
34	57	140
34	58	140
34	59	140
34	60	140
34	61	138
34	62	134
34	63	131
34	64	128
34	65	124
34	66	121
34	67	118
34	68	115
34	69	112
34	70	110
34	71	109
34	72	108
34	73	107
34	74	106
34	75	105
34	76	100
34	77	100
34	78	100
34	79	99
34	80	99
34	81	99
34	82	98
34	83	98
34	84	98
34	85	97
34	86	97
35	0	108
35	1	110
35	2	116
35	3	122
35	4	128
35	5	133
35	6	137
35	7	141
35	8	143
35	9	146
35	10	149
35	11	154
35	12	161
35	13	165
35	14	168
35	15	172
35	16	175
35	17	180
35	18	184
35	19	188
35	20	189
35	21	187
35	22	182
35	23	178
35	24	176
35	25	176
35	26	175
35	27	173
35	28	174
35	29	173
35	30	175
35	31	174
35	32	173
35	33	171
35	34	168
35	35	161
35	36	157
35	37	154
35	38	150
35	39	148
35	40	145
35	41	143
35	42	141
35	43	138
35	44	135
35	45	135
35	46	134
35	47	135
35	48	135
35	49	136
35	50	136
35	51	137
35	52	138
35	53	139
35	54	140
35	55	140
35	56	140
35	57	140
35	58	140
35	59	140
35	60	140
35	61	139
35	62	135
35	63	130
35	64	126
35	65	123
35	66	120
35	67	117
35	68	114
35	69	111
35	70	109
35	71	108
35	72	107
35	73	106
35	74	105
35	75	100
35	76	100
35	77	100
35	78	99
35	79	99
35	80	98
35	81	98
35	82	98
35	83	98
35	84	97
35	85	97
35	86	96
36	0	108
36	1	110
36	2	114
36	3	120
36	4	126
36	5	129
36	6	134
36	7	139
36	8	142
36	9	144
36	10	146
36	11	152
36	12	158
36	13	161
36	14	164
36	15	168
36	16	171
36	17	175
36	18	181
36	19	184
36	20	186
36	21	186
36	22	183
36	23	179
36	24	178
36	25	178
36	26	177
36	27	175
36	28	178
36	29	177
36	30	177
36	31	176
36	32	175
36	33	173
36	34	168
36	35	162
36	36	156
36	37	153
36	38	149
36	39	145
36	40	142
36	41	140
36	42	138
36	43	136
36	44	133
36	45	132
36	46	132
36	47	132
36	48	134
36	49	134
36	50	134
36	51	134
36	52	135
36	53	136
36	54	137
36	55	138
36	56	140
36	57	140
36	58	140
36	59	140
36	60	139
36	61	137
36	62	133
36	63	127
36	64	123
36	65	120
36	66	118
36	67	115
36	68	112
36	69	108
36	70	108
36	71	106
36	72	106
36	73	105
36	74	100
36	75	100
36	76	100
36	77	98
36	78	98
36	79	98
36	80	98
36	81	98
36	82	98
36	83	97
36	84	96
36	85	96
36	86	96
37	0	108
37	1	110
37	2	112
37	3	117
37	4	122
37	5	126
37	6	129
37	7	135
37	8	139
37	9	141
37	10	144
37	11	149
37	12	153
37	13	156
37	14	160
37	15	165
37	16	168
37	17	171
37	18	177
37	19	181
37	20	184
37	21	185
37	22	182
37	23	180
37	24	180
37	25	179
37	26	178
37	27	178
37	28	180
37	29	179
37	30	179
37	31	178
37	32	176
37	33	173
37	34	168
37	35	163
37	36	157
37	37	152
37	38	148
37	39	143
37	40	139
37	41	137
37	42	135
37	43	133
37	44	131
37	45	130
37	46	130
37	47	131
37	48	132
37	49	132
37	50	132
37	51	131
37	52	132
37	53	132
37	54	133
37	55	134
37	56	136
37	57	137
37	58	137
37	59	137
37	60	136
37	61	134
37	62	131
37	63	124
37	64	121
37	65	118
37	66	116
37	67	114
37	68	111
37	69	109
37	70	107
37	71	106
37	72	105
37	73	100
37	74	100
37	75	100
37	76	97
37	77	97
37	78	97
37	79	97
37	80	97
37	81	97
37	82	97
37	83	96
37	84	96
37	85	96
37	86	96
38	0	107
38	1	109
38	2	111
38	3	116
38	4	119
38	5	122
38	6	125
38	7	130
38	8	135
38	9	137
38	10	140
38	11	144
38	12	148
38	13	152
38	14	156
38	15	161
38	16	165
38	17	168
38	18	172
38	19	177
38	20	181
38	21	184
38	22	181
38	23	181
38	24	181
38	25	180
38	26	180
38	27	180
38	28	180
38	29	180
38	30	180
38	31	178
38	32	178
38	33	173
38	34	168
38	35	163
38	36	158
38	37	152
38	38	146
38	39	141
38	40	138
38	41	136
38	42	134
38	43	132
38	44	130
38	45	129
38	46	128
38	47	128
38	48	130
38	49	130
38	50	130
38	51	129
38	52	128
38	53	129
38	54	129
38	55	130
38	56	132
38	57	133
38	58	133
38	59	134
38	60	134
38	61	132
38	62	128
38	63	122
38	64	119
38	65	116
38	66	114
38	67	112
38	68	108
38	69	106
38	70	105
38	71	105
38	72	100
38	73	100
38	74	100
38	75	97
38	76	97
38	77	97
38	78	97
38	79	97
38	80	97
38	81	97
38	82	96
38	83	96
38	84	96
38	85	96
38	86	95
39	0	107
39	1	108
39	2	110
39	3	113
39	4	115
39	5	118
39	6	121
39	7	126
39	8	131
39	9	134
39	10	137
39	11	140
39	12	143
39	13	148
39	14	152
39	15	157
39	16	162
39	17	165
39	18	169
39	19	173
39	20	177
39	21	181
39	22	181
39	23	181
39	24	180
39	25	181
39	26	181
39	27	181
39	28	180
39	29	180
39	30	180
39	31	178
39	32	176
39	33	170
39	34	167
39	35	163
39	36	158
39	37	152
39	38	145
39	39	140
39	40	137
39	41	134
39	42	132
39	43	130
39	44	129
39	45	127
39	46	127
39	47	126
39	48	127
39	49	128
39	50	128
39	51	126
39	52	125
39	53	125
39	54	125
39	55	123
39	56	126
39	57	128
39	58	129
39	59	130
39	60	130
39	61	125
39	62	124
39	63	119
39	64	116
39	65	114
39	66	112
39	67	110
39	68	107
39	69	106
39	70	105
39	71	100
39	72	100
39	73	100
39	74	96
39	75	96
39	76	96
39	77	96
39	78	96
39	79	96
39	80	96
39	81	96
39	82	96
39	83	96
39	84	96
39	85	95
39	86	95
40	0	108
40	1	109
40	2	110
40	3	111
40	4	114
40	5	116
40	6	118
40	7	122
40	8	127
40	9	130
40	10	133
40	11	136
40	12	140
40	13	144
40	14	148
40	15	153
40	16	157
40	17	161
40	18	165
40	19	169
40	20	173
40	21	177
40	22	180
40	23	180
40	24	180
40	25	180
40	26	181
40	27	180
40	28	180
40	29	180
40	30	179
40	31	178
40	32	173
40	33	168
40	34	165
40	35	161
40	36	156
40	37	149
40	38	143
40	39	139
40	40	136
40	41	133
40	42	130
40	43	129
40	44	128
40	45	126
40	46	126
40	47	125
40	48	125
40	49	125
40	50	125
40	51	124
40	52	122
40	53	121
40	54	120
40	55	120
40	56	120
40	57	120
40	58	121
40	59	122
40	60	123
40	61	122
40	62	120
40	63	117
40	64	114
40	65	111
40	66	108
40	67	106
40	68	105
40	69	100
40	70	100
40	71	100
40	72	100
40	73	96
40	74	96
40	75	96
40	76	96
40	77	96
40	78	96
40	79	96
40	80	96
40	81	96
40	82	96
40	83	96
40	84	95
40	85	95
40	86	95
41	0	108
41	1	109
41	2	110
41	3	110
41	4	112
41	5	115
41	6	116
41	7	118
41	8	122
41	9	125
41	10	129
41	11	133
41	12	137
41	13	140
41	14	144
41	15	149
41	16	152
41	17	157
41	18	161
41	19	165
41	20	169
41	21	173
41	22	176
41	23	179
41	24	179
41	25	180
41	26	180
41	27	180
41	28	178
41	29	178
41	30	176
41	31	175
41	32	171
41	33	165
41	34	163
41	35	160
41	36	153
41	37	148
41	38	143
41	39	139
41	40	135
41	41	132
41	42	129
41	43	128
41	44	127
41	45	125
41	46	124
41	47	124
41	48	123
41	49	123
41	50	122
41	51	122
41	52	120
41	53	118
41	54	117
41	55	118
41	56	115
41	57	117
41	58	118
41	59	118
41	60	119
41	61	117
41	62	116
41	63	115
41	64	112
41	65	109
41	66	107
41	67	105
41	68	100
41	69	100
41	70	100
41	71	100
41	72	97
41	73	96
41	74	96
41	75	96
41	76	96
41	77	96
41	78	96
41	79	96
41	80	96
41	81	96
41	82	96
41	83	95
41	84	95
41	85	95
41	86	95
42	0	108
42	1	109
42	2	110
42	3	110
42	4	110
42	5	113
42	6	114
42	7	116
42	8	119
42	9	122
42	10	126
42	11	131
42	12	134
42	13	138
42	14	141
42	15	145
42	16	149
42	17	152
42	18	156
42	19	160
42	20	164
42	21	169
42	22	171
42	23	174
42	24	177
42	25	175
42	26	178
42	27	179
42	28	177
42	29	175
42	30	174
42	31	172
42	32	168
42	33	163
42	34	160
42	35	157
42	36	151
42	37	147
42	38	143
42	39	138
42	40	133
42	41	130
42	42	128
42	43	125
42	44	125
42	45	124
42	46	123
42	47	122
42	48	121
42	49	121
42	50	120
42	51	120
42	52	118
42	53	116
42	54	115
42	55	111
42	56	110
42	57	110
42	58	110
42	59	110
42	60	113
42	61	114
42	62	113
42	63	112
42	64	110
42	65	107
42	66	105
42	67	102
42	68	100
42	69	100
42	70	100
42	71	98
42	72	97
42	73	96
42	74	96
42	75	96
42	76	96
42	77	96
42	78	96
42	79	96
42	80	96
42	81	96
42	82	96
42	83	95
42	84	95
42	85	95
42	86	94
43	0	108
43	1	109
43	2	109
43	3	110
43	4	110
43	5	111
43	6	112
43	7	114
43	8	117
43	9	120
43	10	124
43	11	128
43	12	131
43	13	135
43	14	138
43	15	142
43	16	145
43	17	149
43	18	152
43	19	155
43	20	158
43	21	163
43	22	166
43	23	167
43	24	170
43	25	173
43	26	175
43	27	175
43	28	175
43	29	173
43	30	171
43	31	169
43	32	164
43	33	160
43	34	156
43	35	153
43	36	149
43	37	144
43	38	140
43	39	136
43	40	131
43	41	129
43	42	126
43	43	124
43	44	123
43	45	123
43	46	122
43	47	121
43	48	120
43	49	120
43	50	120
43	51	119
43	52	117
43	53	115
43	54	111
43	55	110
43	56	110
43	57	110
43	58	110
43	59	110
43	60	109
43	61	109
43	62	110
43	63	109
43	64	108
43	65	106
43	66	103
43	67	101
43	68	100
43	69	100
43	70	100
43	71	98
43	72	97
43	73	96
43	74	96
43	75	96
43	76	96
43	77	96
43	78	96
43	79	96
43	80	96
43	81	96
43	82	95
43	83	95
43	84	95
43	85	95
43	86	94
45	0	108
45	1	108
45	2	109
45	3	109
45	4	110
45	5	110
45	6	110
45	7	112
45	8	115
45	9	118
45	10	121
45	11	125
45	12	128
45	13	131
45	14	134
45	15	138
45	16	141
45	17	145
45	18	147
45	19	149
45	20	152
45	21	157
45	22	160
45	23	161
45	24	163
45	25	166
45	26	169
45	27	170
45	28	170
45	29	171
45	30	168
45	31	162
45	32	158
45	33	155
45	34	152
45	35	148
45	36	144
45	37	140
45	38	136
45	39	132
45	40	129
45	41	127
45	42	124
45	43	122
45	44	121
45	45	120
45	46	120
45	47	120
45	48	120
45	49	120
45	50	119
45	51	117
45	52	115
45	53	113
45	54	110
45	55	110
45	56	110
45	57	110
45	58	109
45	59	108
45	60	108
45	61	107
45	62	107
45	63	106
45	64	105
45	65	104
45	66	102
45	67	100
45	68	100
45	69	100
45	70	99
45	71	98
45	72	97
45	73	96
45	74	96
45	75	96
45	76	96
45	77	96
45	78	96
45	79	96
45	80	96
45	81	96
45	82	95
45	83	95
45	84	95
45	85	94
45	86	94
46	0	107
46	1	108
46	2	109
46	3	109
46	4	110
46	5	110
46	6	110
46	7	112
46	8	115
46	9	117
46	10	119
46	11	122
46	12	125
46	13	127
46	14	130
46	15	133
46	16	137
46	17	141
46	18	143
46	19	145
46	20	148
46	21	149
46	22	152
46	23	155
46	24	157
46	25	159
46	26	160
46	27	160
46	28	161
46	29	162
46	30	159
46	31	156
46	32	153
46	33	149
46	34	146
46	35	142
46	36	139
46	37	134
46	38	130
46	39	128
46	40	126
46	41	125
46	42	122
46	43	120
46	44	120
46	45	120
46	46	119
46	47	119
46	48	119
46	49	118
46	50	117
46	51	115
46	52	113
46	53	111
46	54	110
46	55	110
46	56	109
46	57	108
46	58	107
46	59	106
46	60	106
46	61	105
46	62	104
46	63	104
46	64	103
46	65	102
46	66	100
46	67	100
46	68	100
46	69	99
46	70	99
46	71	98
46	72	97
46	73	96
46	74	96
46	75	96
46	76	96
46	77	96
46	78	96
46	79	96
46	80	96
46	81	95
46	82	95
46	83	95
46	84	95
46	85	94
46	86	94
47	0	107
47	1	108
47	2	109
47	3	109
47	4	110
47	5	110
47	6	110
47	7	113
47	8	115
47	9	117
47	10	118
47	11	119
47	12	120
47	13	123
47	14	126
47	15	129
47	16	131
47	17	134
47	18	139
47	19	142
47	20	144
47	21	145
47	22	147
47	23	148
47	24	150
47	25	152
47	26	154
47	27	154
47	28	153
47	29	154
47	30	151
47	31	149
47	32	146
47	33	143
47	34	140
47	35	136
47	36	130
47	37	128
47	38	126
47	39	124
47	40	122
47	41	121
47	42	120
47	43	119
47	44	118
47	45	117
47	46	117
47	47	117
47	48	116
47	49	116
47	50	115
47	51	113
47	52	112
47	53	110
47	54	109
47	55	108
47	56	107
47	57	106
47	58	106
47	59	105
47	60	104
47	61	103
47	62	102
47	63	101
47	64	101
47	65	100
47	66	100
47	67	100
47	68	100
47	69	99
47	70	99
47	71	98
47	72	97
47	73	96
47	74	96
47	75	96
47	76	96
47	77	96
47	78	96
47	79	96
47	80	96
47	81	95
47	82	95
47	83	95
47	84	94
47	85	94
47	86	94
48	0	107
48	1	108
48	2	108
48	3	109
48	4	109
48	5	110
48	6	111
48	7	112
48	8	114
48	9	115
48	10	116
48	11	117
48	12	118
48	13	119
48	14	121
48	15	125
48	16	125
48	17	127
48	18	131
48	19	136
48	20	140
48	21	141
48	22	142
48	23	144
48	24	144
48	25	145
48	26	148
48	27	149
48	28	148
48	29	147
48	30	146
48	31	144
48	32	140
48	33	138
48	34	136
48	35	130
48	36	127
48	37	125
48	38	123
48	39	121
48	40	119
48	41	118
48	42	117
48	43	117
48	44	116
48	45	116
48	46	116
48	47	115
48	48	114
48	49	113
48	50	113
48	51	111
48	52	110
48	53	109
48	54	108
48	55	107
48	56	106
48	57	105
48	58	105
48	59	103
48	60	103
48	61	102
48	62	102
48	63	102
48	64	103
48	65	101
48	66	100
48	67	100
48	68	100
48	69	99
48	70	98
48	71	98
48	72	97
48	73	96
48	74	96
48	75	96
48	76	96
48	77	96
48	78	96
48	79	96
48	80	96
48	81	95
48	82	95
48	83	95
48	84	94
48	85	94
48	86	94
49	0	107
49	1	107
49	2	108
49	3	108
49	4	109
49	5	109
49	6	110
49	7	110
49	8	112
49	9	113
49	10	114
49	11	115
49	12	116
49	13	117
49	14	117
49	15	120
49	16	120
49	17	121
49	18	123
49	19	129
49	20	134
49	21	136
49	22	138
49	23	139
49	24	139
49	25	139
49	26	140
49	27	142
49	28	142
49	29	141
49	30	141
49	31	140
49	32	137
49	33	134
49	34	131
49	35	127
49	36	124
49	37	122
49	38	120
49	39	118
49	40	117
49	41	115
49	42	113
49	43	114
49	44	113
49	45	114
49	46	114
49	47	113
49	48	112
49	49	111
49	50	110
49	51	110
49	52	109
49	53	108
49	54	107
49	55	106
49	56	105
49	57	105
49	58	105
49	59	104
49	60	104
49	61	104
49	62	103
49	63	103
49	64	103
49	65	101
49	66	100
49	67	100
49	68	99
49	69	99
49	70	98
49	71	97
49	72	96
49	73	96
49	74	96
49	75	96
49	76	96
49	77	96
49	78	96
49	79	96
49	80	96
49	81	95
49	82	95
49	83	94
49	84	94
49	85	94
49	86	94
50	0	106
50	1	107
50	2	107
50	3	108
50	4	108
50	5	108
50	6	109
50	7	110
50	8	110
50	9	111
50	10	112
50	11	113
50	12	114
50	13	115
50	14	114
50	15	115
50	16	116
50	17	116
50	18	119
50	19	123
50	20	125
50	21	130
50	22	133
50	23	134
50	24	134
50	25	134
50	26	134
50	27	135
50	28	135
50	29	136
50	30	135
50	31	134
50	32	132
50	33	130
50	34	128
50	35	124
50	36	121
50	37	119
50	38	118
50	39	116
50	40	114
50	41	112
50	42	111
50	43	111
50	44	111
50	45	112
50	46	112
50	47	111
50	48	110
50	49	110
50	50	110
50	51	109
50	52	108
50	53	108
50	54	107
50	55	108
50	56	107
50	57	106
50	58	105
50	59	104
50	60	104
50	61	104
50	62	103
50	63	103
50	64	103
50	65	102
50	66	101
50	67	100
50	68	99
50	69	99
50	70	98
50	71	97
50	72	96
50	73	96
50	74	96
50	75	96
50	76	96
50	77	96
50	78	96
50	79	96
50	80	95
50	81	95
50	82	95
50	83	94
50	84	94
50	85	94
50	86	94
51	0	106
51	1	106
51	2	107
51	3	107
51	4	107
51	5	108
51	6	109
51	7	109
51	8	110
51	9	110
51	10	111
51	11	111
51	12	112
51	13	113
51	14	112
51	15	111
51	16	111
51	17	112
51	18	115
51	19	118
51	20	118
51	21	119
51	22	126
51	23	128
51	24	128
51	25	127
51	26	128
51	27	128
51	28	129
51	29	130
51	30	129
51	31	128
51	32	127
51	33	125
51	34	122
51	35	120
51	36	118
51	37	117
51	38	115
51	39	114
51	40	112
51	41	110
51	42	110
51	43	110
51	44	110
51	45	110
51	46	111
51	47	110
51	48	110
51	49	110
51	50	109
51	51	109
51	52	108
51	53	107
51	54	106
51	55	105
51	56	105
51	57	105
51	58	104
51	59	104
51	60	104
51	61	103
51	62	103
51	63	102
51	64	102
51	65	102
51	66	101
51	67	100
51	68	99
51	69	99
51	70	98
51	71	97
51	72	96
51	73	96
51	74	96
51	75	96
51	76	96
51	77	96
51	78	96
51	79	96
51	80	95
51	81	95
51	82	94
51	83	94
51	84	94
51	85	94
51	86	94
52	0	105
52	1	106
52	2	106
52	3	107
52	4	107
52	5	108
52	6	108
52	7	109
52	8	109
52	9	110
52	10	110
52	11	110
52	12	110
52	13	111
52	14	110
52	15	110
52	16	110
52	17	110
52	18	111
52	19	114
52	20	115
52	21	116
52	22	121
52	23	121
52	24	121
52	25	121
52	26	121
52	27	122
52	28	123
52	29	124
52	30	124
52	31	123
52	32	121
52	33	119
52	34	118
52	35	117
52	36	115
52	37	114
52	38	112
52	39	111
52	40	110
52	41	110
52	42	110
52	43	110
52	44	110
52	45	110
52	46	109
52	47	109
52	48	108
52	49	109
52	50	107
52	51	107
52	52	106
52	53	106
52	54	105
52	55	105
52	56	104
52	57	104
52	58	104
52	59	104
52	60	103
52	61	103
52	62	102
52	63	102
52	64	102
52	65	101
52	66	100
52	67	100
52	68	99
52	69	99
52	70	98
52	71	97
52	72	96
52	73	96
52	74	96
52	75	96
52	76	96
52	77	96
52	78	96
52	79	96
52	80	95
52	81	95
52	82	94
52	83	94
52	84	94
52	85	94
52	86	94
53	0	105
53	1	105
53	2	106
53	3	106
53	4	107
53	5	107
53	6	108
53	7	108
53	8	109
53	9	109
53	10	109
53	11	109
53	12	109
53	13	110
53	14	110
53	15	110
53	16	110
53	17	110
53	18	110
53	19	110
53	20	111
53	21	112
53	22	115
53	23	115
53	24	115
53	25	115
53	26	115
53	27	116
53	28	116
53	29	117
53	30	119
53	31	118
53	32	117
53	33	116
53	34	114
53	35	113
53	36	112
53	37	110
53	38	110
53	39	110
53	40	110
53	41	110
53	42	110
53	43	109
53	44	109
53	45	108
53	46	107
53	47	106
53	48	106
53	49	106
53	50	106
53	51	106
53	52	105
53	53	105
53	54	105
53	55	104
53	56	104
53	57	104
53	58	103
53	59	103
53	60	103
53	61	102
53	62	102
53	63	102
53	64	101
53	65	100
53	66	100
53	67	99
53	68	99
53	69	98
53	70	97
53	71	97
53	72	96
53	73	96
53	74	96
53	75	96
53	76	96
53	77	96
53	78	96
53	79	96
53	80	95
53	81	95
53	82	94
53	83	94
53	84	94
53	85	94
53	86	94
54	0	104
54	1	105
54	2	105
54	3	106
54	4	106
54	5	107
54	6	107
54	7	108
54	8	108
54	9	108
54	10	108
54	11	108
54	12	108
54	13	108
54	14	108
54	15	108
54	16	108
54	17	108
54	18	108
54	19	108
54	20	110
54	21	110
54	22	110
54	23	110
54	24	110
54	25	110
54	26	110
54	27	111
54	28	113
54	29	115
54	30	116
54	31	115
54	32	113
54	33	112
54	34	110
54	35	110
54	36	110
54	37	110
54	38	110
54	39	110
54	40	109
54	41	108
54	42	108
54	43	108
54	44	108
54	45	107
54	46	106
54	47	105
54	48	105
54	49	105
54	50	105
54	51	105
54	52	105
54	53	104
54	54	104
54	55	104
54	56	104
54	57	103
54	58	103
54	59	103
54	60	102
54	61	102
54	62	102
54	63	101
54	64	100
54	65	100
54	66	100
54	67	99
54	68	99
54	69	98
54	70	97
54	71	97
54	72	96
54	73	96
54	74	96
54	75	96
54	76	96
54	77	96
54	78	96
54	79	96
54	80	95
54	81	95
54	82	94
54	83	94
54	84	94
54	85	94
54	86	94
56	0	104
56	1	104
56	2	105
56	3	105
56	4	106
56	5	106
56	6	107
56	7	107
56	8	107
56	9	107
56	10	107
56	11	107
56	12	107
56	13	106
56	14	106
56	15	106
56	16	106
56	17	106
56	18	106
56	19	108
56	20	108
56	21	108
56	22	106
56	23	106
56	24	108
56	25	109
56	26	110
56	27	110
56	28	112
56	29	112
56	30	113
56	31	112
56	32	111
56	33	110
56	34	110
56	35	110
56	36	110
56	37	109
56	38	109
56	39	109
56	40	108
56	41	107
56	42	107
56	43	107
56	44	107
56	45	106
56	46	106
56	47	105
56	48	104
56	49	104
56	50	104
56	51	104
56	52	104
56	53	104
56	54	104
56	55	103
56	56	103
56	57	103
56	58	103
56	59	102
56	60	102
56	61	101
56	62	101
56	63	100
56	64	100
56	65	100
56	66	100
56	67	99
56	68	99
56	69	98
56	70	97
56	71	97
56	72	96
56	73	96
56	74	96
56	75	96
56	76	96
56	77	96
56	78	96
56	79	95
56	80	95
56	81	95
56	82	94
56	83	94
56	84	94
56	85	94
56	86	94
57	0	103
57	1	104
57	2	104
57	3	105
57	4	105
57	5	106
57	6	106
57	7	106
57	8	107
57	9	107
57	10	106
57	11	106
57	12	105
57	13	105
57	14	104
57	15	104
57	16	104
57	17	104
57	18	105
57	19	107
57	20	107
57	21	106
57	22	105
57	23	105
57	24	107
57	25	108
57	26	109
57	27	110
57	28	110
57	29	110
57	30	110
57	31	110
57	32	110
57	33	109
57	34	109
57	35	109
57	36	109
57	37	109
57	38	109
57	39	108
57	40	107
57	41	107
57	42	107
57	43	107
57	44	106
57	45	106
57	46	105
57	47	104
57	48	104
57	49	104
57	50	104
57	51	104
57	52	104
57	53	104
57	54	103
57	55	103
57	56	103
57	57	103
57	58	102
57	59	102
57	60	101
57	61	101
57	62	100
57	63	100
57	64	100
57	65	100
57	66	100
57	67	99
57	68	98
57	69	97
57	70	97
57	71	96
57	72	96
57	73	96
57	74	96
57	75	96
57	76	96
57	77	96
57	78	95
57	79	95
57	80	95
57	81	94
57	82	94
57	83	94
57	84	94
57	85	94
57	86	94
